game_id,date,home,vis,time,period,mins,secs,pos,team,event,event_deets,block,steal,home_desc,vis_desc,score,home_score,vis_score
0021600827,2017-02-13,DEN,GSW,0.0,1,12,0,,,period_start,0,False,False,,,0-0,0,0
0021600827,2017-02-13,DEN,GSW,0.0,1,12,0,,DEN,jump_ball,0,False,False,Jump Ball Jokic vs. McGee: Tip to Barton,,0-0,0,0
0021600827,2017-02-13,DEN,GSW,0.0,1,12,0,GSW,DEN,violation,1,False,False,NUGGETS Violation: Delay of game Violation,,0-0,0,0
0021600827,2017-02-13,DEN,GSW,0.0,1,12,0,DEN,GSW,violation,1,False,False,,Warriors Violation: Delay of game Violation,0-0,0,0
0021600827,2017-02-13,DEN,GSW,0.37,1,11,38,DEN,DEN,fg_miss,5,False,False,MISS Jokic 2' Layup,,0-0,0,0
0021600827,2017-02-13,DEN,GSW,0.38,1,11,37,GSW,GSW,reb,0,False,False,,Green REBOUND (Off:0 Def:1),0-0,0,0
0021600827,2017-02-13,DEN,GSW,0.6,1,11,24,GSW,GSW,fg_make,80,False,False,,Curry 16' Step Back Jump Shot (2 PTS) (Durant 1 AST),0-2,0,2
0021600827,2017-02-13,DEN,GSW,0.88,1,11,7,DEN,DEN,fg3_miss,1,False,False,MISS Barton 27' 3PT Jump Shot,,0-2,0,2
0021600827,2017-02-13,DEN,GSW,0.9,1,11,6,GSW,GSW,reb,0,False,False,,McCaw REBOUND (Off:0 Def:1),0-2,0,2
0021600827,2017-02-13,DEN,GSW,1.2,1,10,48,GSW,GSW,fg3_miss,1,False,False,,MISS Curry 25' 3PT Jump Shot,0-2,0,2
0021600827,2017-02-13,DEN,GSW,1.22,1,10,47,DEN,DEN,reb,0,False,False,Hernangomez REBOUND (Off:0 Def:1),,0-2,0,2
0021600827,2017-02-13,DEN,GSW,1.38,1,10,37,DEN,DEN,fg_miss,1,True,False,MISS Barton 10' Jump Shot,,0-2,0,2
0021600827,2017-02-13,DEN,GSW,1.38,1,10,37,DEN,GSW,block,1,True,False,block,block,0-2,0,2
0021600827,2017-02-13,DEN,GSW,1.4,1,10,36,DEN,DEN,reb,0,False,False,Hernangomez REBOUND (Off:1 Def:1),,0-2,0,2
0021600827,2017-02-13,DEN,GSW,1.42,1,10,35,DEN,DEN,fg_miss,5,False,False,MISS Hernangomez 2' Layup,,0-2,0,2
0021600827,2017-02-13,DEN,GSW,1.43,1,10,34,DEN,DEN,reb,0,False,False,Barton REBOUND (Off:1 Def:0),,0-2,0,2
0021600827,2017-02-13,DEN,GSW,1.45,1,10,33,DEN,GSW,foul,2,False,False,,Durant S.FOUL (P1.T1) (A.Smith),0-2,0,2
0021600827,2017-02-13,DEN,GSW,1.45,1,10,33,DEN,DEN,ft_make,11,False,False,Barton Free Throw 1 of 2 (1 PTS),,1-2,1,2
0021600827,2017-02-13,DEN,GSW,1.45,1,10,33,DEN,DEN,ft_make,12,False,False,Barton Free Throw 2 of 2 (2 PTS),,2-2,2,2
0021600827,2017-02-13,DEN,GSW,1.62,1,10,23,GSW,GSW,fg_miss,98,False,False,,MISS McGee 1' Cutting Layup Shot,2-2,2,2
0021600827,2017-02-13,DEN,GSW,1.63,1,10,22,DEN,DEN,reb,0,False,False,Jokic REBOUND (Off:0 Def:1),,2-2,2,2
0021600827,2017-02-13,DEN,GSW,1.67,1,10,20,DEN,GSW,violation,5,False,False,,Green Violation:Kicked Ball (T.Brothers),2-2,2,2
0021600827,2017-02-13,DEN,GSW,1.75,1,10,15,DEN,DEN,fg_miss,41,False,False,MISS Harris 2' Running Layup,,2-2,2,2
0021600827,2017-02-13,DEN,GSW,1.77,1,10,14,DEN,DEN,fg_miss,97,False,False,MISS Jokic 2' Tip Layup Shot,,2-2,2,2
0021600827,2017-02-13,DEN,GSW,1.77,1,10,14,DEN,DEN,reb,0,False,False,Jokic REBOUND (Off:1 Def:1),,2-2,2,2
0021600827,2017-02-13,DEN,GSW,1.8,1,10,12,DEN,DEN,reb,0,False,False,Jokic REBOUND (Off:2 Def:1),,2-2,2,2
0021600827,2017-02-13,DEN,GSW,1.87,1,10,8,DEN,DEN,fg_make,72,False,False,Jokic 1' Putback Layup (2 PTS),,4-2,4,2
0021600827,2017-02-13,DEN,GSW,2.02,1,9,59,GSW,GSW,fg_make,1,False,False,,Durant 12' Jump Shot (2 PTS),4-4,4,4
0021600827,2017-02-13,DEN,GSW,2.02,1,9,59,GSW,DEN,foul,2,False,False,Barton S.FOUL (P1.T1) (T.Brothers),,4-4,4,4
0021600827,2017-02-13,DEN,GSW,2.02,1,9,59,GSW,GSW,ft_make,10,False,False,,Durant Free Throw 1 of 1 (3 PTS),4-5,4,5
0021600827,2017-02-13,DEN,GSW,2.23,1,9,46,DEN,DEN,fg_miss,78,False,False,MISS Nelson 3' Floating Jump Shot,,4-5,4,5
0021600827,2017-02-13,DEN,GSW,2.27,1,9,44,DEN,DEN,fg_make,97,False,False,Barton 2' Tip Layup Shot (4 PTS),,6-5,6,5
0021600827,2017-02-13,DEN,GSW,2.27,1,9,44,DEN,DEN,reb,0,False,False,Barton REBOUND (Off:2 Def:0),,4-5,4,5
0021600827,2017-02-13,DEN,GSW,2.48,1,9,31,GSW,GSW,fg3_miss,1,False,False,,MISS Green 24' 3PT Jump Shot,6-5,6,5
0021600827,2017-02-13,DEN,GSW,2.48,1,9,31,DEN,DEN,reb,0,False,False,Barton REBOUND (Off:2 Def:1),,6-5,6,5
0021600827,2017-02-13,DEN,GSW,2.57,1,9,26,DEN,DEN,fg3_miss,45,False,False,MISS Hernangomez  3PT Jump Shot,,6-5,6,5
0021600827,2017-02-13,DEN,GSW,2.58,1,9,25,GSW,GSW,reb,0,False,False,,Durant REBOUND (Off:0 Def:1),6-5,6,5
0021600827,2017-02-13,DEN,GSW,2.73,1,9,16,GSW,GSW,fg_make,52,False,False,,McGee  Alley Oop Dunk (2 PTS) (Durant 2 AST),6-7,6,7
0021600827,2017-02-13,DEN,GSW,2.92,1,9,5,DEN,DEN,fg3_make,1,False,False,Harris 25' 3PT Jump Shot (3 PTS) (Jokic 1 AST),,9-7,9,7
0021600827,2017-02-13,DEN,GSW,3.07,1,8,56,GSW,GSW,fg_make,80,False,False,,Curry 22' Step Back Jump Shot (4 PTS),9-9,9,9
0021600827,2017-02-13,DEN,GSW,3.2,1,8,48,DEN,DEN,fg_make,98,False,False,Hernangomez 2' Cutting Layup Shot (2 PTS) (Jokic 2 AST),,11-9,11,9
0021600827,2017-02-13,DEN,GSW,3.2,1,8,48,DEN,GSW,foul,2,False,False,,Curry S.FOUL (P1.T2) (T.Brothers),11-9,11,9
0021600827,2017-02-13,DEN,GSW,3.2,1,8,48,DEN,DEN,ft_make,10,False,False,Hernangomez Free Throw 1 of 1 (3 PTS),,12-9,12,9
0021600827,2017-02-13,DEN,GSW,3.57,1,8,26,GSW,GSW,tov,2,False,True,,Durant Lost Ball Turnover (P1.T1),12-9,12,9
0021600827,2017-02-13,DEN,GSW,3.57,1,8,26,GSW,DEN,steal,2,False,True,steal,steal,12-9,12,9
0021600827,2017-02-13,DEN,GSW,3.58,1,8,25,DEN,DEN,fg_make,50,False,False,Hernangomez  Running Dunk (5 PTS) (Jokic 3 AST),,14-9,14,9
0021600827,2017-02-13,DEN,GSW,3.58,1,8,25,GSW,GSW,timeout,1,False,False,,Warriors Timeout: Regular (Reg.1 Short 0),14-9,14,9
0021600827,2017-02-13,DEN,GSW,3.8,1,8,12,GSW,GSW,fg_make,108,False,False,,Durant  Cutting Dunk Shot (5 PTS) (McCaw 1 AST),14-11,14,11
0021600827,2017-02-13,DEN,GSW,3.95,1,8,3,DEN,DEN,fg_miss,42,False,False,MISS Barton 1' Driving Layup,,14-11,14,11
0021600827,2017-02-13,DEN,GSW,3.97,1,8,2,GSW,GSW,reb,0,False,False,,McGee REBOUND (Off:0 Def:1),14-11,14,11
0021600827,2017-02-13,DEN,GSW,4.1,1,7,54,GSW,GSW,fg3_miss,1,False,False,,MISS Curry 25' 3PT Jump Shot,14-11,14,11
0021600827,2017-02-13,DEN,GSW,4.12,1,7,53,DEN,DEN,reb,0,False,False,Jokic REBOUND (Off:2 Def:2),,14-11,14,11
0021600827,2017-02-13,DEN,GSW,4.28,1,7,43,DEN,DEN,fg3_make,80,False,False,Barton 25' 3PT Step Back Jump Shot (7 PTS),,17-11,17,11
0021600827,2017-02-13,DEN,GSW,4.63,1,7,22,GSW,GSW,fg_miss,43,False,False,,MISS McGee 2' Alley Oop Layup,17-11,17,11
0021600827,2017-02-13,DEN,GSW,4.65,1,7,21,DEN,DEN,reb,0,False,False,Nelson REBOUND (Off:0 Def:1),,17-11,17,11
0021600827,2017-02-13,DEN,GSW,4.73,1,7,16,DEN,GSW,foul,1,False,False,,McGee P.FOUL (P1.T3) (T.Brown),17-11,17,11
0021600827,2017-02-13,DEN,GSW,4.88,1,7,7,DEN,DEN,fg_miss,49,False,False,MISS Barton  Driving Dunk,,17-11,17,11
0021600827,2017-02-13,DEN,GSW,4.88,1,7,7,GSW,GSW,reb,0,False,False,,McGee REBOUND (Off:0 Def:2),17-11,17,11
0021600827,2017-02-13,DEN,GSW,5.13,1,6,52,GSW,GSW,fg_miss,79,False,False,,MISS Curry 21' Pullup Jump Shot,17-11,17,11
0021600827,2017-02-13,DEN,GSW,5.15,1,6,51,DEN,DEN,reb,0,False,False,Barton REBOUND (Off:2 Def:2),,17-11,17,11
0021600827,2017-02-13,DEN,GSW,5.4,1,6,36,DEN,DEN,fg3_make,1,False,False,Hernangomez  3PT Jump Shot (8 PTS) (Nelson 1 AST),,20-11,20,11
0021600827,2017-02-13,DEN,GSW,5.7,1,6,18,GSW,GSW,fg3_miss,1,False,False,,MISS Green 25' 3PT Jump Shot,20-11,20,11
0021600827,2017-02-13,DEN,GSW,5.72,1,6,17,DEN,DEN,reb,0,False,False,Barton REBOUND (Off:2 Def:3),,20-11,20,11
0021600827,2017-02-13,DEN,GSW,5.9,1,6,6,DEN,DEN,tov,1,False,True,Nelson Bad Pass Turnover (P1.T1),,20-11,20,11
0021600827,2017-02-13,DEN,GSW,5.9,1,6,6,DEN,GSW,steal,1,False,True,steal,steal,20-11,20,11
0021600827,2017-02-13,DEN,GSW,6.0,1,6,0,GSW,GSW,fg_make,41,False,False,,Durant 2' Running Layup (7 PTS),20-13,20,13
0021600827,2017-02-13,DEN,GSW,6.13,1,5,52,DEN,DEN,fg3_miss,79,False,False,MISS Barton 26' 3PT Pullup Jump Shot,,20-13,20,13
0021600827,2017-02-13,DEN,GSW,6.15,1,5,51,GSW,GSW,reb,0,False,False,,McGee REBOUND (Off:0 Def:3),20-13,20,13
0021600827,2017-02-13,DEN,GSW,6.3,1,5,42,GSW,DEN,foul,2,False,False,Hernangomez S.FOUL (P1.T2) (T.Brothers),,20-13,20,13
0021600827,2017-02-13,DEN,GSW,6.3,1,5,42,GSW,GSW,ft_make,11,False,False,,Green Free Throw 1 of 2 (1 PTS),20-14,20,14
0021600827,2017-02-13,DEN,GSW,6.3,1,5,42,GSW,GSW,ft_make,12,False,False,,Green Free Throw 2 of 2 (2 PTS),20-15,20,15
0021600827,2017-02-13,DEN,GSW,6.52,1,5,29,DEN,DEN,tov,1,False,True,Jokic Bad Pass Turnover (P1.T2),,20-15,20,15
0021600827,2017-02-13,DEN,GSW,6.52,1,5,29,DEN,GSW,steal,1,False,True,steal,steal,20-15,20,15
0021600827,2017-02-13,DEN,GSW,6.62,1,5,23,GSW,GSW,fg_miss,41,False,False,,MISS Green 3' Running Layup,20-15,20,15
0021600827,2017-02-13,DEN,GSW,6.63,1,5,22,DEN,DEN,reb,0,False,False,Nelson REBOUND (Off:0 Def:2),,20-15,20,15
0021600827,2017-02-13,DEN,GSW,6.78,1,5,13,DEN,DEN,fg3_make,1,False,False,Murray  3PT Jump Shot (3 PTS) (Nelson 2 AST),,23-15,23,15
0021600827,2017-02-13,DEN,GSW,7.03,1,4,58,GSW,GSW,fg3_miss,1,False,False,,MISS Curry 26' 3PT Jump Shot,23-15,23,15
0021600827,2017-02-13,DEN,GSW,7.05,1,4,57,DEN,DEN,reb,0,False,False,Jokic REBOUND (Off:2 Def:3),,23-15,23,15
0021600827,2017-02-13,DEN,GSW,7.27,1,4,44,DEN,DEN,fg_make,44,False,False,Murray 3' Reverse Layup (5 PTS) (Jokic 4 AST),,25-15,25,15
0021600827,2017-02-13,DEN,GSW,7.62,1,4,23,GSW,GSW,tov,2,False,True,,McGee Lost Ball Turnover (P1.T2),25-15,25,15
0021600827,2017-02-13,DEN,GSW,7.62,1,4,23,GSW,DEN,steal,2,False,True,steal,steal,25-15,25,15
0021600827,2017-02-13,DEN,GSW,7.7,1,4,18,DEN,DEN,fg3_miss,1,False,False,MISS Nelson 25' 3PT Jump Shot,,25-15,25,15
0021600827,2017-02-13,DEN,GSW,7.72,1,4,17,DEN,DEN,reb,0,False,False,Jokic REBOUND (Off:3 Def:3),,25-15,25,15
0021600827,2017-02-13,DEN,GSW,7.73,1,4,16,DEN,DEN,fg_miss,5,True,False,MISS Jokic 2' Layup,,25-15,25,15
0021600827,2017-02-13,DEN,GSW,7.73,1,4,16,DEN,GSW,block,5,True,False,block,block,25-15,25,15
0021600827,2017-02-13,DEN,GSW,7.75,1,4,15,GSW,GSW,reb,0,False,False,,Durant REBOUND (Off:0 Def:2),25-15,25,15
0021600827,2017-02-13,DEN,GSW,7.77,1,4,14,GSW,GSW,tov,41,False,True,,Durant Poss Lost Ball Turnover (P2.T3),25-15,25,15
0021600827,2017-02-13,DEN,GSW,7.77,1,4,14,GSW,DEN,steal,41,False,True,steal,steal,25-15,25,15
0021600827,2017-02-13,DEN,GSW,7.8,1,4,12,DEN,DEN,fg_make,40,False,False,Jokic 2' Layup (4 PTS),,27-15,27,15
0021600827,2017-02-13,DEN,GSW,7.8,1,4,12,GSW,GSW,timeout,2,False,False,,Warriors Timeout: Short (Reg.1 Short 1),27-15,27,15
0021600827,2017-02-13,DEN,GSW,8.02,1,3,59,GSW,GSW,fg_make,79,False,False,,Curry 19' Pullup Jump Shot (6 PTS),27-17,27,17
0021600827,2017-02-13,DEN,GSW,8.25,1,3,45,DEN,DEN,fg_make,1,False,False,Jokic 17' Jump Shot (6 PTS) (Nelson 3 AST),,29-17,29,17
0021600827,2017-02-13,DEN,GSW,8.53,1,3,28,GSW,GSW,fg_make,1,False,False,,Durant 19' Jump Shot (9 PTS) (Iguodala 1 AST),29-19,29,19
0021600827,2017-02-13,DEN,GSW,8.77,1,3,14,DEN,GSW,foul,2,False,False,,Clark S.FOUL (P1.T4) (T.Brothers),29-19,29,19
0021600827,2017-02-13,DEN,GSW,8.77,1,3,14,DEN,DEN,ft_make,11,False,False,Murray Free Throw 1 of 2 (6 PTS),,30-19,30,19
0021600827,2017-02-13,DEN,GSW,8.77,1,3,14,DEN,DEN,ft_make,12,False,False,Murray Free Throw 2 of 2 (7 PTS),,31-19,31,19
0021600827,2017-02-13,DEN,GSW,9.08,1,2,55,GSW,GSW,fg_make,98,False,False,,Iguodala 2' Cutting Layup Shot (2 PTS) (Durant 3 AST),31-21,31,21
0021600827,2017-02-13,DEN,GSW,9.23,1,2,46,DEN,DEN,fg_make,42,False,False,Nelson 2' Driving Layup (2 PTS),,33-21,33,21
0021600827,2017-02-13,DEN,GSW,9.48,1,2,31,GSW,GSW,fg_miss,78,False,False,,MISS Clark 9' Floating Jump Shot,33-21,33,21
0021600827,2017-02-13,DEN,GSW,9.5,1,2,30,DEN,DEN,reb,0,False,False,Jokic REBOUND (Off:3 Def:4),,33-21,33,21
0021600827,2017-02-13,DEN,GSW,9.63,1,2,22,DEN,DEN,fg3_make,1,False,False,Nelson 27' 3PT Jump Shot (5 PTS) (Barton 1 AST),,36-21,36,21
0021600827,2017-02-13,DEN,GSW,9.8,1,2,12,GSW,DEN,foul,2,False,False,Murray S.FOUL (P1.T3) (T.Brown),,36-21,36,21
0021600827,2017-02-13,DEN,GSW,9.8,1,2,12,DEN,DEN,timeout,1,False,False,NUGGETS Timeout: Regular (Full 1 Short 0),,36-21,36,21
0021600827,2017-02-13,DEN,GSW,9.8,1,2,12,DEN,GSW,ft_make,11,False,False,,Curry Free Throw 1 of 2 (7 PTS),36-22,36,22
0021600827,2017-02-13,DEN,GSW,9.8,1,2,12,DEN,GSW,ft_make,12,False,False,,Curry Free Throw 2 of 2 (8 PTS),36-23,36,23
0021600827,2017-02-13,DEN,GSW,10.18,1,1,49,DEN,DEN,tov,1,False,True,Murray Bad Pass Turnover (P1.T3),,36-23,36,23
0021600827,2017-02-13,DEN,GSW,10.18,1,1,49,DEN,GSW,steal,1,False,True,steal,steal,36-23,36,23
0021600827,2017-02-13,DEN,GSW,10.32,1,1,41,GSW,GSW,fg3_make,1,False,False,,Clark 25' 3PT Jump Shot (3 PTS) (Green 1 AST),36-26,36,26
0021600827,2017-02-13,DEN,GSW,10.72,1,1,17,DEN,DEN,fg3_make,1,False,False,Hernangomez 26' 3PT Jump Shot (11 PTS) (Barton 2 AST),,39-26,39,26
0021600827,2017-02-13,DEN,GSW,10.95,1,1,3,GSW,GSW,fg_make,108,False,False,,Iguodala  Cutting Dunk Shot (4 PTS) (Green 2 AST),39-28,39,28
0021600827,2017-02-13,DEN,GSW,11.17,1,0,50,DEN,DEN,fg3_miss,1,False,False,MISS Hernangomez 26' 3PT Jump Shot,,39-28,39,28
0021600827,2017-02-13,DEN,GSW,11.18,1,0,49,GSW,GSW,reb,0,False,False,,Clark REBOUND (Off:0 Def:1),39-28,39,28
0021600827,2017-02-13,DEN,GSW,11.32,1,0,41,GSW,GSW,fg_make,108,False,False,,Iguodala  Cutting Dunk Shot (6 PTS) (Curry 1 AST),39-30,39,30
0021600827,2017-02-13,DEN,GSW,11.57,1,0,26,DEN,DEN,fg3_make,1,False,False,O'Bryant III 24' 3PT Jump Shot (3 PTS) (Murray 1 AST),,42-30,42,30
0021600827,2017-02-13,DEN,GSW,11.92,1,0,5,GSW,GSW,fg3_miss,1,False,False,,MISS Curry 24' 3PT Jump Shot,42-30,42,30
0021600827,2017-02-13,DEN,GSW,11.92,1,0,5,DEN,DEN,reb,0,False,False,Barton REBOUND (Off:2 Def:4),,42-30,42,30
0021600827,2017-02-13,DEN,GSW,11.98,1,0,1,DEN,DEN,fg_miss,1,False,False,MISS Barton 3' Jump Shot,,42-30,42,30
0021600827,2017-02-13,DEN,GSW,12.0,1,0,0,GSW,GSW,reb,0,False,False,,Iguodala REBOUND (Off:0 Def:1),42-30,42,30
0021600827,2017-02-13,DEN,GSW,12.0,1,0,0,GSW,,period_end,0,False,False,,,42-30,42,30
0021600827,2017-02-13,DEN,GSW,12.0,2,12,0,GSW,,period_start,0,False,False,,,42-30,42,30
0021600827,2017-02-13,DEN,GSW,12.28,2,11,43,GSW,GSW,fg_make,78,False,False,,Clark 12' Floating Jump Shot (5 PTS) (Green 3 AST),42-32,42,32
0021600827,2017-02-13,DEN,GSW,12.58,2,11,25,DEN,DEN,tov,2,False,True,O'Bryant III Lost Ball Turnover (P1.T4),,42-32,42,32
0021600827,2017-02-13,DEN,GSW,12.58,2,11,25,DEN,GSW,steal,2,False,True,steal,steal,42-32,42,32
0021600827,2017-02-13,DEN,GSW,12.68,2,11,19,GSW,GSW,fg_make,44,False,False,,Clark 1' Reverse Layup (7 PTS) (Green 4 AST),42-34,42,34
0021600827,2017-02-13,DEN,GSW,12.8,2,11,12,DEN,GSW,foul,1,False,False,,Weber P.FOUL (P1.T1) (T.Brothers),42-34,42,34
0021600827,2017-02-13,DEN,GSW,12.95,2,11,3,DEN,DEN,fg_make,63,False,False,Murray 20' Fadeaway Jumper (9 PTS),,44-34,44,34
0021600827,2017-02-13,DEN,GSW,13.35,2,10,39,GSW,GSW,fg_miss,1,False,False,,MISS Clark 21' Jump Shot,44-34,44,34
0021600827,2017-02-13,DEN,GSW,13.35,2,10,39,DEN,DEN,reb,0,False,False,Hernangomez REBOUND (Off:1 Def:2),,44-34,44,34
0021600827,2017-02-13,DEN,GSW,13.48,2,10,31,DEN,DEN,fg3_make,1,False,False,Miller 25' 3PT Jump Shot (3 PTS) (Murray 2 AST),,47-34,47,34
0021600827,2017-02-13,DEN,GSW,13.88,2,10,7,GSW,GSW,tov,39,False,False,,Clark Step Out of Bounds Turnover (P1.T4),47-34,47,34
0021600827,2017-02-13,DEN,GSW,14.1,2,9,54,DEN,DEN,tov,4,False,False,Beasley Traveling Turnover (P1.T5),,47-34,47,34
0021600827,2017-02-13,DEN,GSW,14.35,2,9,39,GSW,DEN,foul,1,False,False,Miller P.FOUL (P1.T1) (T.Brown),,47-34,47,34
0021600827,2017-02-13,DEN,GSW,14.48,2,9,31,GSW,GSW,fg3_miss,1,False,False,,MISS Iguodala 26' 3PT Jump Shot,47-34,47,34
0021600827,2017-02-13,DEN,GSW,14.48,2,9,31,DEN,DEN,reb,0,False,False,NUGGETS Rebound,,47-34,47,34
0021600827,2017-02-13,DEN,GSW,14.77,2,9,14,DEN,DEN,fg3_make,1,False,False,Hernangomez 26' 3PT Jump Shot (14 PTS) (Murray 3 AST),,50-34,50,34
0021600827,2017-02-13,DEN,GSW,15.12,2,8,53,GSW,GSW,fg_miss,42,False,False,,MISS Green 3' Driving Layup,50-34,50,34
0021600827,2017-02-13,DEN,GSW,15.13,2,8,52,DEN,DEN,reb,0,False,False,O'Bryant III REBOUND (Off:0 Def:1),,50-34,50,34
0021600827,2017-02-13,DEN,GSW,15.15,2,8,51,DEN,DEN,tov,45,False,False,Murray Out of Bounds - Bad Pass Turnover Turnover (P2.T6),,50-34,50,34
0021600827,2017-02-13,DEN,GSW,15.15,2,8,51,DEN,,timeout,4,False,False,,,50-34,50,34
0021600827,2017-02-13,DEN,GSW,15.15,2,8,51,GSW,GSW,timeout,1,False,False,,Warriors Timeout: Regular (Reg.2 Short 1),50-34,50,34
0021600827,2017-02-13,DEN,GSW,15.43,2,8,34,GSW,DEN,foul,1,False,False,O'Bryant III P.FOUL (P1.T2) (T.Brown),,50-34,50,34
0021600827,2017-02-13,DEN,GSW,15.53,2,8,28,GSW,GSW,tov,1,False,True,,Clark Bad Pass Turnover (P2.T5),50-34,50,34
0021600827,2017-02-13,DEN,GSW,15.53,2,8,28,GSW,DEN,steal,1,False,True,steal,steal,50-34,50,34
0021600827,2017-02-13,DEN,GSW,15.62,2,8,23,DEN,DEN,tov,2,False,True,Hernangomez Lost Ball Turnover (P1.T7),,50-34,50,34
0021600827,2017-02-13,DEN,GSW,15.62,2,8,23,DEN,GSW,steal,2,False,True,steal,steal,50-34,50,34
0021600827,2017-02-13,DEN,GSW,15.95,2,8,3,GSW,GSW,fg3_miss,80,False,False,,MISS Durant 25' 3PT Step Back Jump Shot,50-34,50,34
0021600827,2017-02-13,DEN,GSW,15.97,2,8,2,DEN,DEN,reb,0,False,False,Miller REBOUND (Off:0 Def:1),,50-34,50,34
0021600827,2017-02-13,DEN,GSW,16.03,2,7,58,DEN,DEN,fg_miss,3,False,False,MISS Hernangomez 4' Hook Shot,,50-34,50,34
0021600827,2017-02-13,DEN,GSW,16.05,2,7,57,DEN,DEN,reb,0,False,False,O'Bryant III REBOUND (Off:1 Def:1),,50-34,50,34
0021600827,2017-02-13,DEN,GSW,16.07,2,7,56,DEN,GSW,foul,2,False,False,,McCaw S.FOUL (P1.T2) (A.Smith),50-34,50,34
0021600827,2017-02-13,DEN,GSW,16.07,2,7,56,DEN,DEN,ft_make,11,False,False,O'Bryant III Free Throw 1 of 2 (4 PTS),,51-34,51,34
0021600827,2017-02-13,DEN,GSW,16.07,2,7,56,DEN,DEN,ft_make,12,False,False,O'Bryant III Free Throw 2 of 2 (5 PTS),,52-34,52,34
0021600827,2017-02-13,DEN,GSW,16.48,2,7,31,GSW,GSW,fg3_make,1,False,False,,McCaw 27' 3PT Jump Shot (3 PTS) (Durant 4 AST),52-37,52,37
0021600827,2017-02-13,DEN,GSW,16.83,2,7,10,DEN,DEN,fg3_miss,1,False,False,MISS Murray 26' 3PT Jump Shot,,52-37,52,37
0021600827,2017-02-13,DEN,GSW,16.85,2,7,9,DEN,DEN,reb,0,False,False,O'Bryant III REBOUND (Off:2 Def:1),,52-37,52,37
0021600827,2017-02-13,DEN,GSW,16.92,2,7,5,DEN,DEN,fg3_make,1,False,False,Miller 25' 3PT Jump Shot (6 PTS) (O'Bryant III 1 AST),,55-37,55,37
0021600827,2017-02-13,DEN,GSW,17.13,2,6,52,GSW,GSW,fg3_make,1,False,False,,Durant 27' 3PT Jump Shot (12 PTS),55-40,55,40
0021600827,2017-02-13,DEN,GSW,17.53,2,6,28,DEN,DEN,fg_make,5,False,False,Murray 3' Layup (11 PTS),,57-40,57,40
0021600827,2017-02-13,DEN,GSW,17.77,2,6,14,GSW,GSW,fg3_make,1,False,False,,Clark 26' 3PT Jump Shot (10 PTS) (Durant 5 AST),57-43,57,43
0021600827,2017-02-13,DEN,GSW,18.0,2,6,0,DEN,DEN,tov,40,False,False,Beasley Out of Bounds Lost Ball Turnover (P2.T8),,57-43,57,43
0021600827,2017-02-13,DEN,GSW,18.3,2,5,42,GSW,GSW,fg_miss,1,False,False,,MISS Curry 9' Jump Shot,57-43,57,43
0021600827,2017-02-13,DEN,GSW,18.32,2,5,41,DEN,DEN,reb,0,False,False,Murray REBOUND (Off:0 Def:1),,57-43,57,43
0021600827,2017-02-13,DEN,GSW,18.42,2,5,35,DEN,DEN,fg3_make,1,False,False,Harris 24' 3PT Jump Shot (6 PTS) (Murray 4 AST),,60-43,60,43
0021600827,2017-02-13,DEN,GSW,18.62,2,5,23,GSW,GSW,fg_make,49,False,False,,Durant  Driving Dunk (14 PTS),60-45,60,45
0021600827,2017-02-13,DEN,GSW,18.75,2,5,15,DEN,DEN,fg_miss,5,True,False,MISS Murray 2' Layup,,60-45,60,45
0021600827,2017-02-13,DEN,GSW,18.75,2,5,15,DEN,GSW,block,5,True,False,block,block,60-45,60,45
0021600827,2017-02-13,DEN,GSW,18.77,2,5,14,DEN,DEN,reb,0,False,False,NUGGETS Rebound,,60-45,60,45
0021600827,2017-02-13,DEN,GSW,19.08,2,4,55,DEN,DEN,fg3_make,1,False,False,Barton 24' 3PT Jump Shot (10 PTS) (Nelson 4 AST),,63-45,63,45
0021600827,2017-02-13,DEN,GSW,19.2,2,4,48,GSW,GSW,tov,45,False,False,,Curry Out of Bounds - Bad Pass Turnover Turnover (P1.T6),63-45,63,45
0021600827,2017-02-13,DEN,GSW,19.28,2,4,43,DEN,DEN,fg_make,7,False,False,Harris  Dunk (8 PTS) (Jokic 5 AST),,65-45,65,45
0021600827,2017-02-13,DEN,GSW,19.58,2,4,25,GSW,GSW,fg_miss,78,False,False,,MISS Durant 10' Floating Jump Shot,65-45,65,45
0021600827,2017-02-13,DEN,GSW,19.6,2,4,24,DEN,DEN,reb,0,False,False,Nelson REBOUND (Off:0 Def:3),,65-45,65,45
0021600827,2017-02-13,DEN,GSW,19.73,2,4,16,DEN,DEN,tov,1,False,True,Harris Bad Pass Turnover (P1.T9),,65-45,65,45
0021600827,2017-02-13,DEN,GSW,19.73,2,4,16,DEN,GSW,steal,1,False,True,steal,steal,65-45,65,45
0021600827,2017-02-13,DEN,GSW,20.07,2,3,56,GSW,GSW,fg_make,44,False,False,,McGee 2' Reverse Layup (4 PTS),65-47,65,47
0021600827,2017-02-13,DEN,GSW,20.28,2,3,43,DEN,DEN,fg3_miss,1,False,False,MISS Harris 24' 3PT Jump Shot,,65-47,65,47
0021600827,2017-02-13,DEN,GSW,20.3,2,3,42,DEN,DEN,reb,0,False,False,Jokic REBOUND (Off:4 Def:4),,65-47,65,47
0021600827,2017-02-13,DEN,GSW,20.38,2,3,37,DEN,DEN,fg3_make,1,False,False,Nelson 24' 3PT Jump Shot (8 PTS) (Jokic 6 AST),,68-47,68,47
0021600827,2017-02-13,DEN,GSW,20.58,2,3,25,GSW,GSW,fg_miss,1,False,False,,MISS Durant 16' Jump Shot,68-47,68,47
0021600827,2017-02-13,DEN,GSW,20.6,2,3,24,GSW,GSW,reb,0,False,False,,Durant REBOUND (Off:1 Def:2),68-47,68,47
0021600827,2017-02-13,DEN,GSW,20.68,2,3,19,GSW,GSW,fg3_miss,1,False,False,,MISS McCaw  3PT Jump Shot,68-47,68,47
0021600827,2017-02-13,DEN,GSW,20.7,2,3,18,DEN,DEN,reb,0,False,False,Jokic REBOUND (Off:4 Def:5),,68-47,68,47
0021600827,2017-02-13,DEN,GSW,20.85,2,3,9,DEN,DEN,fg3_miss,1,False,False,MISS Nelson 25' 3PT Jump Shot,,68-47,68,47
0021600827,2017-02-13,DEN,GSW,20.87,2,3,8,GSW,GSW,reb,0,False,False,,McGee REBOUND (Off:0 Def:4),68-47,68,47
0021600827,2017-02-13,DEN,GSW,20.9,2,3,6,GSW,DEN,foul,29,False,False,Hernangomez Shooting Block Foul (P2.T3) (T.Brothers),,68-47,68,47
0021600827,2017-02-13,DEN,GSW,20.9,2,3,6,GSW,GSW,ft_make,11,False,False,,Durant Free Throw 1 of 2 (15 PTS),68-48,68,48
0021600827,2017-02-13,DEN,GSW,20.9,2,3,6,GSW,GSW,ft_make,12,False,False,,Durant Free Throw 2 of 2 (16 PTS),68-49,68,49
0021600827,2017-02-13,DEN,GSW,21.2,2,2,48,DEN,DEN,fg3_make,80,False,False,Barton 24' 3PT Step Back Jump Shot (13 PTS) (Jokic 7 AST),,71-49,71,49
0021600827,2017-02-13,DEN,GSW,21.4,2,2,36,GSW,GSW,fg3_make,79,False,False,,Curry 26' 3PT Pullup Jump Shot (11 PTS),71-52,71,52
0021600827,2017-02-13,DEN,GSW,21.75,2,2,15,DEN,DEN,fg_miss,1,False,False,MISS Jokic 19' Jump Shot,,71-52,71,52
0021600827,2017-02-13,DEN,GSW,21.75,2,2,15,GSW,GSW,reb,0,False,False,,Durant REBOUND (Off:1 Def:3),71-52,71,52
0021600827,2017-02-13,DEN,GSW,21.85,2,2,9,GSW,GSW,fg3_miss,1,False,False,,MISS Curry 25' 3PT Jump Shot,71-52,71,52
0021600827,2017-02-13,DEN,GSW,21.87,2,2,8,DEN,DEN,reb,0,False,False,Jokic REBOUND (Off:4 Def:6),,71-52,71,52
0021600827,2017-02-13,DEN,GSW,22.08,2,1,55,DEN,DEN,fg3_make,1,False,False,Hernangomez 26' 3PT Jump Shot (17 PTS) (Harris 1 AST),,74-52,74,52
0021600827,2017-02-13,DEN,GSW,22.28,2,1,43,GSW,GSW,fg3_miss,1,False,False,,MISS Curry 26' 3PT Jump Shot,74-52,74,52
0021600827,2017-02-13,DEN,GSW,22.3,2,1,42,DEN,DEN,reb,0,False,False,Jokic REBOUND (Off:4 Def:7),,74-52,74,52
0021600827,2017-02-13,DEN,GSW,22.48,2,1,31,DEN,DEN,fg3_make,1,False,False,Harris 26' 3PT Jump Shot (11 PTS) (Hernangomez 1 AST),,77-52,77,52
0021600827,2017-02-13,DEN,GSW,22.77,2,1,14,GSW,GSW,fg3_miss,1,False,False,,MISS Iguodala  3PT Jump Shot,77-52,77,52
0021600827,2017-02-13,DEN,GSW,22.78,2,1,13,DEN,DEN,reb,0,False,False,Jokic REBOUND (Off:4 Def:8),,77-52,77,52
0021600827,2017-02-13,DEN,GSW,22.95,2,1,3,DEN,DEN,fg_make,98,False,False,Nelson 3' Cutting Layup Shot (10 PTS) (Jokic 8 AST),,79-52,79,52
0021600827,2017-02-13,DEN,GSW,23.25,2,0,45,GSW,GSW,fg3_miss,1,False,False,,MISS Durant 26' 3PT Jump Shot,79-52,79,52
0021600827,2017-02-13,DEN,GSW,23.25,2,0,45,DEN,DEN,reb,0,False,False,Hernangomez REBOUND (Off:1 Def:3),,79-52,79,52
0021600827,2017-02-13,DEN,GSW,23.43,2,0,34,GSW,DEN,foul,4,False,False,Jokic OFF.Foul (P1) (T.Brothers),,79-52,79,52
0021600827,2017-02-13,DEN,GSW,23.43,2,0,34,DEN,DEN,tov,5,False,False,Jokic Foul Turnover (P2.T10),,79-52,79,52
0021600827,2017-02-13,DEN,GSW,23.43,2,0,34,DEN,DEN,timeout,1,False,False,NUGGETS Timeout: Regular (Full 2 Short 0),,79-52,79,52
0021600827,2017-02-13,DEN,GSW,23.55,2,0,27,GSW,GSW,fg_make,108,False,False,,Durant  Cutting Dunk Shot (18 PTS) (Curry 2 AST),79-54,79,54
0021600827,2017-02-13,DEN,GSW,23.88,2,0,7,DEN,DEN,tov,40,False,False,Nelson Out of Bounds Lost Ball Turnover (P2.T11),,79-54,79,54
0021600827,2017-02-13,DEN,GSW,23.98,2,0,1,GSW,GSW,fg3_miss,1,False,False,,MISS Curry 25' 3PT Jump Shot,79-54,79,54
0021600827,2017-02-13,DEN,GSW,24.0,2,0,0,DEN,DEN,reb,0,False,False,Jokic REBOUND (Off:4 Def:9),,79-54,79,54
0021600827,2017-02-13,DEN,GSW,24.0,2,0,0,DEN,,period_end,0,False,False,,,79-54,79,54
0021600827,2017-02-13,DEN,GSW,24.0,3,12,0,DEN,,period_start,0,False,False,,,79-54,79,54
0021600827,2017-02-13,DEN,GSW,24.38,3,11,37,GSW,GSW,fg3_miss,1,False,False,,MISS Curry  3PT Jump Shot,79-54,79,54
0021600827,2017-02-13,DEN,GSW,24.4,3,11,36,DEN,DEN,reb,0,False,False,Barton REBOUND (Off:2 Def:5),,79-54,79,54
0021600827,2017-02-13,DEN,GSW,24.62,3,11,23,GSW,DEN,foul,4,False,False,Jokic OFF.Foul (P2) (T.Brothers),,79-54,79,54
0021600827,2017-02-13,DEN,GSW,24.62,3,11,23,DEN,DEN,tov,5,False,False,Jokic Foul Turnover (P3.T12),,79-54,79,54
0021600827,2017-02-13,DEN,GSW,24.83,3,11,10,GSW,GSW,fg_make,99,False,False,,Durant 2' Cutting Finger Roll Layup Shot (20 PTS) (Green 5 AST),79-56,79,56
0021600827,2017-02-13,DEN,GSW,25.12,3,10,53,DEN,DEN,fg3_make,1,False,False,Barton 25' 3PT Jump Shot (16 PTS),,82-56,82,56
0021600827,2017-02-13,DEN,GSW,25.4,3,10,36,GSW,GSW,fg_make,52,False,False,,McGee  Alley Oop Dunk (6 PTS) (Green 6 AST),82-58,82,58
0021600827,2017-02-13,DEN,GSW,25.68,3,10,19,DEN,DEN,fg_miss,63,False,False,MISS Nelson 16' Fadeaway Jumper,,82-58,82,58
0021600827,2017-02-13,DEN,GSW,25.7,3,10,18,GSW,GSW,reb,0,False,False,,Curry REBOUND (Off:0 Def:1),82-58,82,58
0021600827,2017-02-13,DEN,GSW,25.8,3,10,12,GSW,GSW,fg3_make,79,False,False,,Durant 25' 3PT Pullup Jump Shot (23 PTS) (Curry 3 AST),82-61,82,61
0021600827,2017-02-13,DEN,GSW,26.1,3,9,54,DEN,DEN,fg_miss,5,True,False,MISS Jokic 2' Layup,,82-61,82,61
0021600827,2017-02-13,DEN,GSW,26.1,3,9,54,DEN,GSW,block,5,True,False,block,block,82-61,82,61
0021600827,2017-02-13,DEN,GSW,26.15,3,9,51,DEN,DEN,fg_miss,5,False,False,MISS Hernangomez 2' Layup,,82-61,82,61
0021600827,2017-02-13,DEN,GSW,26.15,3,9,51,DEN,DEN,reb,0,False,False,Hernangomez REBOUND (Off:2 Def:3),,82-61,82,61
0021600827,2017-02-13,DEN,GSW,26.17,3,9,50,GSW,GSW,reb,0,False,False,,McGee REBOUND (Off:0 Def:5),82-61,82,61
0021600827,2017-02-13,DEN,GSW,26.27,3,9,44,GSW,GSW,fg3_miss,1,False,False,,MISS Curry 25' 3PT Jump Shot,82-61,82,61
0021600827,2017-02-13,DEN,GSW,26.3,3,9,42,GSW,GSW,reb,0,False,False,,Curry REBOUND (Off:1 Def:1),82-61,82,61
0021600827,2017-02-13,DEN,GSW,26.45,3,9,33,GSW,GSW,fg_make,5,False,False,,Green 2' Layup (4 PTS),82-63,82,63
0021600827,2017-02-13,DEN,GSW,26.73,3,9,16,DEN,DEN,tov,4,False,False,Nelson Traveling Turnover (P3.T13),,82-63,82,63
0021600827,2017-02-13,DEN,GSW,27.05,3,8,57,GSW,GSW,fg_make,3,False,False,,McGee 5' Hook Shot (8 PTS),82-65,82,65
0021600827,2017-02-13,DEN,GSW,27.05,3,8,57,DEN,DEN,timeout,1,False,False,NUGGETS Timeout: Regular (Full 3 Short 0),,82-65,82,65
0021600827,2017-02-13,DEN,GSW,27.27,3,8,44,DEN,DEN,fg3_miss,1,False,False,MISS Hernangomez 24' 3PT Jump Shot,,82-65,82,65
0021600827,2017-02-13,DEN,GSW,27.33,3,8,40,GSW,GSW,reb,0,False,False,,McGee REBOUND (Off:0 Def:6),82-65,82,65
0021600827,2017-02-13,DEN,GSW,27.58,3,8,25,GSW,GSW,fg3_miss,1,False,False,,MISS Curry 24' 3PT Jump Shot,82-65,82,65
0021600827,2017-02-13,DEN,GSW,27.63,3,8,22,DEN,DEN,reb,0,False,False,Hernangomez REBOUND (Off:2 Def:4),,82-65,82,65
0021600827,2017-02-13,DEN,GSW,27.73,3,8,16,DEN,DEN,fg_make,40,False,False,Jokic 1' Layup (8 PTS) (Nelson 5 AST),,84-65,84,65
0021600827,2017-02-13,DEN,GSW,27.82,3,8,11,GSW,GSW,tov,1,False,True,,McGee Bad Pass Turnover (P2.T7),84-65,84,65
0021600827,2017-02-13,DEN,GSW,27.82,3,8,11,GSW,DEN,steal,1,False,True,steal,steal,84-65,84,65
0021600827,2017-02-13,DEN,GSW,27.9,3,8,6,DEN,DEN,fg3_miss,1,False,False,MISS Barton 25' 3PT Jump Shot,,84-65,84,65
0021600827,2017-02-13,DEN,GSW,27.95,3,8,3,GSW,GSW,reb,0,False,False,,McGee REBOUND (Off:0 Def:7),84-65,84,65
0021600827,2017-02-13,DEN,GSW,28.03,3,7,58,GSW,DEN,foul,2,False,False,Hernangomez S.FOUL (P3.T1) (T.Brown),,84-65,84,65
0021600827,2017-02-13,DEN,GSW,28.03,3,7,58,GSW,GSW,ft_miss,11,False,False,,MISS Green Free Throw 1 of 2,84-65,84,65
0021600827,2017-02-13,DEN,GSW,28.03,3,7,58,GSW,GSW,reb,1,False,False,,Warriors Rebound,84-65,84,65
0021600827,2017-02-13,DEN,GSW,28.03,3,7,58,GSW,GSW,ft_make,12,False,False,,Green Free Throw 2 of 2 (5 PTS),84-66,84,66
0021600827,2017-02-13,DEN,GSW,28.3,3,7,42,DEN,DEN,fg_miss,5,True,False,MISS Hernangomez 2' Layup,,84-66,84,66
0021600827,2017-02-13,DEN,GSW,28.3,3,7,42,DEN,GSW,block,5,True,False,block,block,84-66,84,66
0021600827,2017-02-13,DEN,GSW,28.33,3,7,40,GSW,GSW,reb,0,False,False,,Green REBOUND (Off:0 Def:2),84-66,84,66
0021600827,2017-02-13,DEN,GSW,28.48,3,7,31,GSW,GSW,fg_make,5,False,False,,McCaw 2' Layup (5 PTS),84-68,84,68
0021600827,2017-02-13,DEN,GSW,28.68,3,7,19,DEN,DEN,fg_make,109,False,False,Barton  Driving Reverse Dunk Shot (18 PTS),,86-68,86,68
0021600827,2017-02-13,DEN,GSW,28.9,3,7,6,GSW,GSW,tov,2,False,True,,Durant Lost Ball Turnover (P3.T8),86-68,86,68
0021600827,2017-02-13,DEN,GSW,28.9,3,7,6,GSW,DEN,steal,2,False,True,steal,steal,86-68,86,68
0021600827,2017-02-13,DEN,GSW,28.93,3,7,4,DEN,GSW,foul,9,False,False,,Green C.P.FOUL (P1.T1) (T.Brown),86-68,86,68
0021600827,2017-02-13,DEN,GSW,28.93,3,7,4,DEN,DEN,ft_miss,25,False,False,MISS Jokic Free Throw Clear Path 1 of 2,,86-68,86,68
0021600827,2017-02-13,DEN,GSW,28.93,3,7,4,DEN,DEN,reb,1,False,False,NUGGETS Rebound,,86-68,86,68
0021600827,2017-02-13,DEN,GSW,28.93,3,7,4,DEN,DEN,ft_make,26,False,False,Jokic Free Throw Clear Path 2 of 2 (9 PTS),,87-68,87,68
0021600827,2017-02-13,DEN,GSW,29.22,3,6,47,DEN,DEN,fg3_make,1,False,False,Nelson 25' 3PT Jump Shot (13 PTS) (Barton 3 AST),,90-68,90,68
0021600827,2017-02-13,DEN,GSW,29.53,3,6,28,GSW,GSW,fg_make,86,False,False,,Durant 5' Turnaround Fadeaway (25 PTS) (Iguodala 2 AST),90-70,90,70
0021600827,2017-02-13,DEN,GSW,29.92,3,6,5,DEN,DEN,tov,2,False,True,Barton Lost Ball Turnover (P1.T14),,90-70,90,70
0021600827,2017-02-13,DEN,GSW,29.92,3,6,5,DEN,GSW,steal,2,False,True,steal,steal,90-70,90,70
0021600827,2017-02-13,DEN,GSW,30.03,3,5,58,GSW,GSW,fg_make,7,False,False,,McCaw  Dunk (7 PTS) (Curry 4 AST),90-72,90,72
0021600827,2017-02-13,DEN,GSW,30.27,3,5,44,DEN,DEN,tov,2,False,True,Jokic Lost Ball Turnover (P4.T15),,90-72,90,72
0021600827,2017-02-13,DEN,GSW,30.27,3,5,44,DEN,GSW,steal,2,False,True,steal,steal,90-72,90,72
0021600827,2017-02-13,DEN,GSW,30.42,3,5,35,GSW,GSW,fg3_miss,1,False,False,,MISS Durant 25' 3PT Jump Shot,90-72,90,72
0021600827,2017-02-13,DEN,GSW,30.43,3,5,34,DEN,DEN,reb,0,False,False,NUGGETS Rebound,,90-72,90,72
0021600827,2017-02-13,DEN,GSW,30.6,3,5,24,DEN,GSW,foul,2,False,False,,Green S.FOUL (P2.T2) (T.Brothers),90-72,90,72
0021600827,2017-02-13,DEN,GSW,30.6,3,5,24,DEN,DEN,ft_make,11,False,False,Jokic Free Throw 1 of 2 (10 PTS),,91-72,91,72
0021600827,2017-02-13,DEN,GSW,30.6,3,5,24,DEN,DEN,ft_make,12,False,False,Jokic Free Throw 2 of 2 (11 PTS),,92-72,92,72
0021600827,2017-02-13,DEN,GSW,30.78,3,5,13,GSW,GSW,fg_miss,42,False,False,,MISS Durant 2' Driving Layup,92-72,92,72
0021600827,2017-02-13,DEN,GSW,30.82,3,5,11,DEN,DEN,reb,0,False,False,Hernangomez REBOUND (Off:2 Def:5),,92-72,92,72
0021600827,2017-02-13,DEN,GSW,31.02,3,4,59,DEN,DEN,fg3_make,1,False,False,Nelson 27' 3PT Jump Shot (16 PTS) (Hernangomez 2 AST),,95-72,95,72
0021600827,2017-02-13,DEN,GSW,31.3,3,4,42,GSW,GSW,fg_miss,42,False,False,,MISS Curry 3' Driving Layup,95-72,95,72
0021600827,2017-02-13,DEN,GSW,31.32,3,4,41,DEN,DEN,reb,0,False,False,Jokic REBOUND (Off:4 Def:10),,95-72,95,72
0021600827,2017-02-13,DEN,GSW,31.48,3,4,31,DEN,DEN,fg3_make,80,False,False,Murray 27' 3PT Step Back Jump Shot (14 PTS) (Jokic 9 AST),,98-72,98,72
0021600827,2017-02-13,DEN,GSW,31.48,3,4,31,GSW,GSW,timeout,1,False,False,,Warriors Timeout: Regular (Reg.3 Short 1),98-72,98,72
0021600827,2017-02-13,DEN,GSW,31.68,3,4,19,GSW,GSW,fg_miss,66,False,False,,MISS Curry 16' Jump Bank Shot,98-72,98,72
0021600827,2017-02-13,DEN,GSW,31.7,3,4,18,DEN,DEN,reb,0,False,False,NUGGETS Rebound,,98-72,98,72
0021600827,2017-02-13,DEN,GSW,31.98,3,4,1,DEN,DEN,fg3_miss,1,False,False,MISS Barton 27' 3PT Jump Shot,,98-72,98,72
0021600827,2017-02-13,DEN,GSW,32.02,3,3,59,DEN,DEN,fg_make,87,False,False,Hernangomez  Putback Dunk (19 PTS),,100-72,100,72
0021600827,2017-02-13,DEN,GSW,32.02,3,3,59,DEN,DEN,reb,0,False,False,Hernangomez REBOUND (Off:3 Def:5),,98-72,98,72
0021600827,2017-02-13,DEN,GSW,32.3,3,3,42,GSW,GSW,fg_make,5,False,False,,Iguodala 2' Layup (8 PTS) (Curry 5 AST),100-74,100,74
0021600827,2017-02-13,DEN,GSW,32.67,3,3,20,DEN,DEN,fg3_miss,1,False,False,MISS Hernangomez 27' 3PT Jump Shot,,100-74,100,74
0021600827,2017-02-13,DEN,GSW,32.68,3,3,19,DEN,DEN,reb,0,False,False,Jokic REBOUND (Off:5 Def:10),,100-74,100,74
0021600827,2017-02-13,DEN,GSW,32.7,3,3,18,DEN,GSW,foul,1,False,False,,McAdoo P.FOUL (P1.T3) (T.Brown),100-74,100,74
0021600827,2017-02-13,DEN,GSW,32.83,3,3,10,DEN,DEN,fg_miss,5,False,False,MISS Barton 3' Layup,,100-74,100,74
0021600827,2017-02-13,DEN,GSW,32.83,3,3,10,GSW,GSW,reb,0,False,False,,McAdoo REBOUND (Off:0 Def:1),100-74,100,74
0021600827,2017-02-13,DEN,GSW,32.97,3,3,2,GSW,GSW,fg_make,1,False,False,,Iguodala 17' Jump Shot (10 PTS),100-76,100,76
0021600827,2017-02-13,DEN,GSW,33.22,3,2,47,DEN,DEN,fg_make,75,False,False,Nelson 2' Driving Finger Roll Layup (18 PTS),,102-76,102,76
0021600827,2017-02-13,DEN,GSW,33.55,3,2,27,GSW,GSW,fg3_miss,1,False,False,,MISS Iguodala 25' 3PT Jump Shot,102-76,102,76
0021600827,2017-02-13,DEN,GSW,33.57,3,2,26,DEN,DEN,reb,0,False,False,Hernangomez REBOUND (Off:3 Def:6),,102-76,102,76
0021600827,2017-02-13,DEN,GSW,33.75,3,2,15,DEN,DEN,tov,1,False,True,Jokic Bad Pass Turnover (P5.T16),,102-76,102,76
0021600827,2017-02-13,DEN,GSW,33.75,3,2,15,DEN,GSW,steal,1,False,True,steal,steal,102-76,102,76
0021600827,2017-02-13,DEN,GSW,33.75,3,2,15,GSW,DEN,foul,28,False,False,Jokic Personal Take Foul (P3.T2) (A.Smith),,102-76,102,76
0021600827,2017-02-13,DEN,GSW,34.07,3,1,56,GSW,GSW,fg_make,1,False,False,,Weber 21' Jump Shot (2 PTS),102-78,102,78
0021600827,2017-02-13,DEN,GSW,34.4,3,1,36,DEN,DEN,tov,1,False,True,Barton Bad Pass Turnover (P2.T17),,102-78,102,78
0021600827,2017-02-13,DEN,GSW,34.4,3,1,36,DEN,GSW,steal,1,False,True,steal,steal,102-78,102,78
0021600827,2017-02-13,DEN,GSW,34.45,3,1,33,GSW,DEN,foul,2,False,False,Nelson S.FOUL (P1.T3) (A.Smith),,102-78,102,78
0021600827,2017-02-13,DEN,GSW,34.45,3,1,33,GSW,GSW,ft_make,11,False,False,,Iguodala Free Throw 1 of 2 (11 PTS),102-79,102,79
0021600827,2017-02-13,DEN,GSW,34.45,3,1,33,GSW,GSW,ft_make,12,False,False,,Iguodala Free Throw 2 of 2 (12 PTS),102-80,102,80
0021600827,2017-02-13,DEN,GSW,34.68,3,1,19,DEN,DEN,fg3_make,1,False,False,Nelson 25' 3PT Jump Shot (21 PTS) (Jokic 10 AST),,105-80,105,80
0021600827,2017-02-13,DEN,GSW,34.98,3,1,1,GSW,GSW,fg_make,1,False,False,,Clark 20' Jump Shot (12 PTS) (Weber 1 AST),105-82,105,82
0021600827,2017-02-13,DEN,GSW,35.33,3,0,40,DEN,DEN,tov,45,False,False,Nelson Out of Bounds - Bad Pass Turnover Turnover (P4.T18),,105-82,105,82
0021600827,2017-02-13,DEN,GSW,35.55,3,0,27,GSW,GSW,fg3_make,1,False,False,,Iguodala 26' 3PT Jump Shot (15 PTS),105-85,105,85
0021600827,2017-02-13,DEN,GSW,35.9,3,0,6,DEN,DEN,fg_make,3,False,False,Jokic 3' Hook Shot (13 PTS) (Barton 4 AST),,107-85,107,85
0021600827,2017-02-13,DEN,GSW,35.97,3,0,2,GSW,GSW,fg_miss,1,False,False,,MISS Clark 18' Jump Shot,107-85,107,85
0021600827,2017-02-13,DEN,GSW,36.0,3,0,0,GSW,GSW,reb,0,False,False,,Warriors Rebound,107-85,107,85
0021600827,2017-02-13,DEN,GSW,36.0,3,0,0,GSW,,period_end,0,False,False,,,107-85,107,85
0021600827,2017-02-13,DEN,GSW,36.0,4,12,0,GSW,,period_start,0,False,False,,,107-85,107,85
0021600827,2017-02-13,DEN,GSW,36.3,4,11,42,DEN,DEN,fg_miss,46,True,False,MISS Barton 3' Running Jump Shot,,107-85,107,85
0021600827,2017-02-13,DEN,GSW,36.3,4,11,42,DEN,GSW,block,46,True,False,block,block,107-85,107,85
0021600827,2017-02-13,DEN,GSW,36.32,4,11,41,GSW,GSW,reb,0,False,False,,Warriors Rebound,107-85,107,85
0021600827,2017-02-13,DEN,GSW,36.63,4,11,22,GSW,GSW,fg3_miss,1,False,False,,MISS Clark 26' 3PT Jump Shot,107-85,107,85
0021600827,2017-02-13,DEN,GSW,36.63,4,11,22,DEN,DEN,reb,0,False,False,Harris REBOUND (Off:0 Def:1),,107-85,107,85
0021600827,2017-02-13,DEN,GSW,36.77,4,11,14,DEN,DEN,fg3_miss,1,False,False,MISS Harris 24' 3PT Jump Shot,,107-85,107,85
0021600827,2017-02-13,DEN,GSW,36.8,4,11,12,GSW,GSW,reb,0,False,False,,Warriors Rebound,107-85,107,85
0021600827,2017-02-13,DEN,GSW,37.08,4,10,55,GSW,GSW,fg_miss,5,True,False,,MISS Looney 2' Layup,107-85,107,85
0021600827,2017-02-13,DEN,GSW,37.08,4,10,55,GSW,DEN,block,5,True,False,block,block,107-85,107,85
0021600827,2017-02-13,DEN,GSW,37.1,4,10,54,GSW,GSW,reb,0,False,False,,Looney REBOUND (Off:1 Def:0),107-85,107,85
0021600827,2017-02-13,DEN,GSW,37.17,4,10,50,GSW,GSW,fg_make,5,False,False,,Jones 2' Layup (2 PTS) (Looney 1 AST),107-87,107,87
0021600827,2017-02-13,DEN,GSW,37.32,4,10,41,DEN,DEN,fg_miss,78,False,False,MISS Harris 4' Floating Jump Shot,,107-87,107,87
0021600827,2017-02-13,DEN,GSW,37.33,4,10,40,DEN,DEN,fg_miss,97,False,False,MISS Harris 2' Tip Layup Shot,,107-87,107,87
0021600827,2017-02-13,DEN,GSW,37.33,4,10,40,DEN,DEN,reb,0,False,False,Harris REBOUND (Off:1 Def:1),,107-87,107,87
0021600827,2017-02-13,DEN,GSW,37.35,4,10,39,GSW,GSW,reb,0,False,False,,Warriors Rebound,107-87,107,87
0021600827,2017-02-13,DEN,GSW,37.52,4,10,29,GSW,GSW,fg3_make,1,False,False,,Looney 27' 3PT Jump Shot (3 PTS) (Weber 2 AST),107-90,107,90
0021600827,2017-02-13,DEN,GSW,37.52,4,10,29,DEN,DEN,timeout,1,False,False,NUGGETS Timeout: Regular (Full 4 Short 0),,107-90,107,90
0021600827,2017-02-13,DEN,GSW,37.9,4,10,6,DEN,DEN,tov,40,False,False,O'Bryant III Out of Bounds Lost Ball Turnover (P2.T19),,107-90,107,90
0021600827,2017-02-13,DEN,GSW,38.2,4,9,48,GSW,GSW,fg_miss,1,False,False,,MISS Weber 21' Jump Shot,107-90,107,90
0021600827,2017-02-13,DEN,GSW,38.2,4,9,48,DEN,DEN,reb,0,False,False,Miller REBOUND (Off:0 Def:2),,107-90,107,90
0021600827,2017-02-13,DEN,GSW,38.37,4,9,38,DEN,DEN,tov,1,False,True,Harris Bad Pass Turnover (P2.T20),,107-90,107,90
0021600827,2017-02-13,DEN,GSW,38.37,4,9,38,DEN,GSW,steal,1,False,True,steal,steal,107-90,107,90
0021600827,2017-02-13,DEN,GSW,38.42,4,9,35,GSW,GSW,fg_make,5,False,False,,McCaw 1' Layup (9 PTS),107-92,107,92
0021600827,2017-02-13,DEN,GSW,38.42,4,9,35,GSW,DEN,foul,2,False,False,Miller S.FOUL (P2.T1) (A.Smith),,107-92,107,92
0021600827,2017-02-13,DEN,GSW,38.42,4,9,35,GSW,GSW,ft_make,10,False,False,,McCaw Free Throw 1 of 1 (10 PTS),107-93,107,93
0021600827,2017-02-13,DEN,GSW,38.77,4,9,14,DEN,DEN,fg3_miss,1,False,False,MISS Murray 26' 3PT Jump Shot,,107-93,107,93
0021600827,2017-02-13,DEN,GSW,38.78,4,9,13,GSW,GSW,reb,0,False,False,,Looney REBOUND (Off:1 Def:1),107-93,107,93
0021600827,2017-02-13,DEN,GSW,38.93,4,9,4,GSW,GSW,fg_miss,79,False,False,,MISS Clark 15' Pullup Jump Shot,107-93,107,93
0021600827,2017-02-13,DEN,GSW,38.93,4,9,4,DEN,DEN,reb,0,False,False,Jokic REBOUND (Off:5 Def:11),,107-93,107,93
0021600827,2017-02-13,DEN,GSW,39.0,4,9,0,DEN,DEN,fg_make,50,False,False,Harris  Running Dunk (13 PTS) (Jokic 11 AST),,109-93,109,93
0021600827,2017-02-13,DEN,GSW,39.0,4,9,0,GSW,GSW,timeout,1,False,False,,Warriors Timeout: Regular (Reg.4 Short 1),109-93,109,93
0021600827,2017-02-13,DEN,GSW,39.2,4,8,48,GSW,GSW,fg_make,42,False,False,,McCaw 1' Driving Layup (12 PTS),109-95,109,95
0021600827,2017-02-13,DEN,GSW,39.2,4,8,48,GSW,DEN,foul,2,False,False,Murray S.FOUL (P2.T2) (T.Brown),,109-95,109,95
0021600827,2017-02-13,DEN,GSW,39.2,4,8,48,GSW,GSW,ft_make,10,False,False,,McCaw Free Throw 1 of 1 (13 PTS),109-96,109,96
0021600827,2017-02-13,DEN,GSW,39.42,4,8,35,DEN,DEN,tov,41,False,True,Harris Poss Lost Ball Turnover (P3.T21),,109-96,109,96
0021600827,2017-02-13,DEN,GSW,39.42,4,8,35,DEN,GSW,steal,41,False,True,steal,steal,109-96,109,96
0021600827,2017-02-13,DEN,GSW,39.57,4,8,26,GSW,GSW,fg3_miss,1,False,False,,MISS McCaw 25' 3PT Jump Shot,109-96,109,96
0021600827,2017-02-13,DEN,GSW,39.58,4,8,25,DEN,DEN,reb,0,False,False,Jokic REBOUND (Off:5 Def:12),,109-96,109,96
0021600827,2017-02-13,DEN,GSW,39.73,4,8,16,DEN,GSW,foul,2,False,False,,McAdoo S.FOUL (P2.T1) (T.Brown),109-96,109,96
0021600827,2017-02-13,DEN,GSW,39.73,4,8,16,DEN,DEN,ft_miss,11,False,False,MISS Harris Free Throw 1 of 2,,109-96,109,96
0021600827,2017-02-13,DEN,GSW,39.73,4,8,16,DEN,DEN,reb,1,False,False,NUGGETS Rebound,,109-96,109,96
0021600827,2017-02-13,DEN,GSW,39.73,4,8,16,DEN,DEN,ft_miss,12,False,False,MISS Harris Free Throw 2 of 2,,109-96,109,96
0021600827,2017-02-13,DEN,GSW,39.75,4,8,15,GSW,GSW,reb,0,False,False,,Jones REBOUND (Off:0 Def:1),109-96,109,96
0021600827,2017-02-13,DEN,GSW,39.98,4,8,1,GSW,GSW,fg_make,78,False,False,,McCaw 5' Floating Jump Shot (15 PTS),109-98,109,98
0021600827,2017-02-13,DEN,GSW,39.98,4,8,1,DEN,DEN,timeout,1,False,False,NUGGETS Timeout: Regular (Full 5 Short 0),,109-98,109,98
0021600827,2017-02-13,DEN,GSW,40.15,4,7,51,DEN,GSW,foul,1,False,False,,Weber P.FOUL (P2.T2) (T.Brothers),109-98,109,98
0021600827,2017-02-13,DEN,GSW,40.28,4,7,43,DEN,DEN,tov,45,False,False,Jokic Out of Bounds - Bad Pass Turnover Turnover (P6.T22),,109-98,109,98
0021600827,2017-02-13,DEN,GSW,40.52,4,7,29,GSW,GSW,fg_make,98,False,False,,Jones 2' Cutting Layup Shot (4 PTS) (McCaw 2 AST),109-100,109,100
0021600827,2017-02-13,DEN,GSW,40.9,4,7,6,DEN,DEN,fg_make,78,False,False,Barton 4' Floating Jump Shot (20 PTS) (Nelson 6 AST),,111-100,111,100
0021600827,2017-02-13,DEN,GSW,41.18,4,6,49,GSW,GSW,fg_miss,102,False,False,,MISS McCaw 10' Driving Floating Bank Jump Shot,111-100,111,100
0021600827,2017-02-13,DEN,GSW,41.2,4,6,48,DEN,DEN,reb,0,False,False,Jokic REBOUND (Off:5 Def:13),,111-100,111,100
0021600827,2017-02-13,DEN,GSW,41.45,4,6,33,DEN,DEN,fg_make,1,False,False,Jokic 13' Jump Shot (15 PTS) (Nelson 7 AST),,113-100,113,100
0021600827,2017-02-13,DEN,GSW,41.55,4,6,27,DEN,GSW,foul,4,False,False,,Jones OFF.Foul (P1) (T.Brown),113-100,113,100
0021600827,2017-02-13,DEN,GSW,41.55,4,6,27,GSW,GSW,tov,5,False,False,,Jones Foul Turnover (P1.T9),113-100,113,100
0021600827,2017-02-13,DEN,GSW,41.82,4,6,11,DEN,DEN,fg_make,79,False,False,Nelson 22' Pullup Jump Shot (23 PTS),,115-100,115,100
0021600827,2017-02-13,DEN,GSW,42.08,4,5,55,GSW,GSW,fg_miss,98,False,False,,MISS McAdoo 4' Cutting Layup Shot,115-100,115,100
0021600827,2017-02-13,DEN,GSW,42.1,4,5,54,DEN,DEN,reb,0,False,False,Jokic REBOUND (Off:5 Def:14),,115-100,115,100
0021600827,2017-02-13,DEN,GSW,42.18,4,5,49,DEN,DEN,fg_make,46,False,False,Barton 4' Running Jump Shot (22 PTS) (Jokic 12 AST),,117-100,117,100
0021600827,2017-02-13,DEN,GSW,42.18,4,5,49,GSW,GSW,timeout,1,False,False,,Warriors Timeout: Regular (Reg.5 Short 1),117-100,117,100
0021600827,2017-02-13,DEN,GSW,42.48,4,5,31,GSW,GSW,fg_make,1,False,False,,McCaw 23' Jump Shot (17 PTS) (Weber 3 AST),117-102,117,102
0021600827,2017-02-13,DEN,GSW,42.72,4,5,17,DEN,DEN,fg_miss,78,False,False,MISS Jokic 6' Floating Jump Shot,,117-102,117,102
0021600827,2017-02-13,DEN,GSW,42.73,4,5,16,DEN,DEN,fg_make,97,False,False,Jokic 3' Tip Layup Shot (17 PTS),,119-102,119,102
0021600827,2017-02-13,DEN,GSW,42.73,4,5,16,DEN,DEN,reb,0,False,False,Jokic REBOUND (Off:6 Def:14),,117-102,117,102
0021600827,2017-02-13,DEN,GSW,42.93,4,5,4,GSW,GSW,fg_make,1,False,False,,Clark 12' Jump Shot (14 PTS),119-104,119,104
0021600827,2017-02-13,DEN,GSW,43.32,4,4,41,DEN,DEN,fg3_make,1,False,False,Hernangomez  3PT Jump Shot (22 PTS) (Barton 5 AST),,122-104,122,104
0021600827,2017-02-13,DEN,GSW,43.57,4,4,26,GSW,GSW,fg3_miss,1,False,False,,MISS McCaw 26' 3PT Jump Shot,122-104,122,104
0021600827,2017-02-13,DEN,GSW,43.58,4,4,25,DEN,DEN,reb,0,False,False,NUGGETS Rebound,,122-104,122,104
0021600827,2017-02-13,DEN,GSW,43.77,4,4,14,DEN,GSW,foul,1,False,False,,McAdoo P.FOUL (P3.T3) (T.Brothers),122-104,122,104
0021600827,2017-02-13,DEN,GSW,43.77,4,4,14,DEN,DEN,ft_make,13,False,False,Hernangomez Free Throw 1 of 3 (23 PTS),,123-104,123,104
0021600827,2017-02-13,DEN,GSW,43.77,4,4,14,DEN,DEN,ft_miss,14,False,False,MISS Hernangomez Free Throw 2 of 3,,123-104,123,104
0021600827,2017-02-13,DEN,GSW,43.77,4,4,14,DEN,DEN,reb,0,False,False,NUGGETS Rebound,,123-104,123,104
0021600827,2017-02-13,DEN,GSW,43.77,4,4,14,DEN,DEN,ft_make,15,False,False,Hernangomez Free Throw 3 of 3 (24 PTS),,124-104,124,104
0021600827,2017-02-13,DEN,GSW,44.07,4,3,56,GSW,GSW,fg_miss,45,False,False,,MISS Jones 19' Jump Shot,124-104,124,104
0021600827,2017-02-13,DEN,GSW,44.13,4,3,52,DEN,DEN,reb,0,False,False,Barton REBOUND (Off:2 Def:6),,124-104,124,104
0021600827,2017-02-13,DEN,GSW,44.23,4,3,46,DEN,DEN,fg3_make,1,False,False,Harris  3PT Jump Shot (16 PTS) (Barton 6 AST),,127-104,127,104
0021600827,2017-02-13,DEN,GSW,44.4,4,3,36,GSW,GSW,fg_make,102,False,False,,Clark 7' Driving Floating Bank Jump Shot (16 PTS),127-106,127,106
0021600827,2017-02-13,DEN,GSW,44.72,4,3,17,DEN,DEN,fg3_miss,1,False,False,MISS Harris 26' 3PT Jump Shot,,127-106,127,106
0021600827,2017-02-13,DEN,GSW,44.73,4,3,16,GSW,GSW,reb,0,False,False,,Looney REBOUND (Off:1 Def:2),127-106,127,106
0021600827,2017-02-13,DEN,GSW,45.0,4,3,0,GSW,GSW,fg_miss,42,False,False,,MISS Clark 1' Driving Layup,127-106,127,106
0021600827,2017-02-13,DEN,GSW,45.05,4,2,57,DEN,DEN,reb,0,False,False,Jokic REBOUND (Off:6 Def:15),,127-106,127,106
0021600827,2017-02-13,DEN,GSW,45.23,4,2,46,DEN,DEN,fg_miss,83,False,False,MISS Nelson 11' Fadeaway Bank Shot,,127-106,127,106
0021600827,2017-02-13,DEN,GSW,45.23,4,2,46,GSW,GSW,reb,0,False,False,,Looney REBOUND (Off:1 Def:3),127-106,127,106
0021600827,2017-02-13,DEN,GSW,45.48,4,2,31,GSW,GSW,fg_miss,42,False,False,,MISS Looney 2' Driving Layup,127-106,127,106
0021600827,2017-02-13,DEN,GSW,45.5,4,2,30,DEN,DEN,reb,0,False,False,Barton REBOUND (Off:2 Def:7),,127-106,127,106
0021600827,2017-02-13,DEN,GSW,45.83,4,2,10,DEN,DEN,fg3_make,1,False,False,Hernangomez 27' 3PT Jump Shot (27 PTS) (Barton 7 AST),,130-106,130,106
0021600827,2017-02-13,DEN,GSW,46.13,4,1,52,GSW,GSW,fg_miss,1,False,False,,MISS Clark 19' Jump Shot,130-106,130,106
0021600827,2017-02-13,DEN,GSW,46.13,4,1,52,GSW,GSW,reb,0,False,False,,Looney REBOUND (Off:2 Def:3),130-106,130,106
0021600827,2017-02-13,DEN,GSW,46.23,4,1,46,GSW,GSW,fg3_miss,1,False,False,,MISS McCaw  3PT Jump Shot,130-106,130,106
0021600827,2017-02-13,DEN,GSW,46.23,4,1,46,DEN,DEN,reb,0,False,False,Barton REBOUND (Off:2 Def:8),,130-106,130,106
0021600827,2017-02-13,DEN,GSW,46.57,4,1,26,DEN,DEN,fg_make,80,False,False,Barton 19' Step Back Jump Shot (24 PTS),,132-106,132,106
0021600827,2017-02-13,DEN,GSW,46.6,4,1,24,GSW,DEN,foul,28,False,False,Nelson Personal Take Foul (P2.T3) (A.Smith),,132-106,132,106
0021600827,2017-02-13,DEN,GSW,46.93,4,1,4,GSW,GSW,fg3_miss,1,False,False,,MISS Weber 25' 3PT Jump Shot,132-106,132,106
0021600827,2017-02-13,DEN,GSW,46.93,4,1,4,DEN,DEN,reb,0,False,False,Hernangomez REBOUND (Off:3 Def:7),,132-106,132,106
0021600827,2017-02-13,DEN,GSW,47.03,4,0,58,DEN,DEN,fg3_miss,1,False,False,MISS Beasley 24' 3PT Jump Shot,,132-106,132,106
0021600827,2017-02-13,DEN,GSW,47.05,4,0,57,GSW,GSW,reb,0,False,False,,Looney REBOUND (Off:2 Def:4),132-106,132,106
0021600827,2017-02-13,DEN,GSW,47.23,4,0,46,GSW,GSW,fg_make,80,False,False,,Clark 20' Step Back Jump Shot (18 PTS),132-108,132,108
0021600827,2017-02-13,DEN,GSW,47.58,4,0,25,DEN,DEN,fg3_miss,1,False,False,MISS Murray 25' 3PT Jump Shot,,132-108,132,108
0021600827,2017-02-13,DEN,GSW,47.62,4,0,23,GSW,GSW,reb,0,False,False,,Weber REBOUND (Off:0 Def:1),132-108,132,108
0021600827,2017-02-13,DEN,GSW,47.75,4,0,15,GSW,GSW,fg_make,44,False,False,,McCaw 2' Reverse Layup (19 PTS) (Clark 1 AST),132-110,132,110
0021600827,2017-02-13,DEN,GSW,48.0,4,0,0,GSW,,period_end,0,False,False,,,132-110,132,110
