game_id,date,home,vis,time,period,mins,secs,pos,team,event,event_deets,block,steal,home_desc,vis_desc,score,home_score,vis_score
0021601119,2017-03-29,LAC,WAS,0.0,1,12,0,,,period_start,0,False,False,,,0-0,0,0
0021601119,2017-03-29,LAC,WAS,0.0,1,12,0,,LAC,jump_ball,0,False,False,Jump Ball Jordan vs. Gortat: Tip to Wall,,0-0,0,0
0021601119,2017-03-29,LAC,WAS,0.23,1,11,46,WAS,WAS,fg3_make,1,False,False,,Mark Morris 25' 3PT Jump Shot (3 PTS) (Beal 1 AST),0-3,0,3
0021601119,2017-03-29,LAC,WAS,0.52,1,11,29,LAC,LAC,fg3_miss,1,False,False,MISS Redick 26' 3PT Jump Shot,,0-3,0,3
0021601119,2017-03-29,LAC,WAS,0.55,1,11,27,WAS,WAS,reb,0,False,False,,Porter Jr. REBOUND (Off:0 Def:1),0-3,0,3
0021601119,2017-03-29,LAC,WAS,0.77,1,11,14,WAS,WAS,fg_miss,3,False,False,,MISS Gortat 3' Hook Shot,0-3,0,3
0021601119,2017-03-29,LAC,WAS,0.8,1,11,12,LAC,LAC,reb,0,False,False,Jordan REBOUND (Off:0 Def:1),,0-3,0,3
0021601119,2017-03-29,LAC,WAS,0.83,1,11,10,LAC,WAS,foul,1,False,False,,Mark Morris P.FOUL (P1.T1) (G.Zielinski),0-3,0,3
0021601119,2017-03-29,LAC,WAS,0.9,1,11,6,LAC,LAC,tov,1,False,True,Griffin Bad Pass Turnover (P1.T1),,0-3,0,3
0021601119,2017-03-29,LAC,WAS,0.9,1,11,6,LAC,WAS,steal,1,False,True,steal,steal,0-3,0,3
0021601119,2017-03-29,LAC,WAS,0.97,1,11,2,WAS,WAS,fg_make,50,False,False,,Wall  Running Dunk (2 PTS) (Gortat 1 AST),0-5,0,5
0021601119,2017-03-29,LAC,WAS,1.25,1,10,45,LAC,LAC,fg_miss,57,False,False,MISS Griffin 8' Driving Hook Shot,,0-5,0,5
0021601119,2017-03-29,LAC,WAS,1.28,1,10,43,WAS,WAS,reb,0,False,False,,Mark Morris REBOUND (Off:0 Def:1),0-5,0,5
0021601119,2017-03-29,LAC,WAS,1.47,1,10,32,WAS,WAS,fg3_miss,1,False,False,,MISS Mark Morris 26' 3PT Jump Shot,0-5,0,5
0021601119,2017-03-29,LAC,WAS,1.5,1,10,30,WAS,WAS,reb,0,False,False,,Gortat REBOUND (Off:1 Def:0),0-5,0,5
0021601119,2017-03-29,LAC,WAS,1.53,1,10,28,WAS,WAS,fg_miss,1,False,False,,MISS Gortat 8' Jump Shot,0-5,0,5
0021601119,2017-03-29,LAC,WAS,1.58,1,10,25,LAC,LAC,reb,0,False,False,Jordan REBOUND (Off:0 Def:2),,0-5,0,5
0021601119,2017-03-29,LAC,WAS,1.7,1,10,18,LAC,LAC,fg_make,75,False,False,Mbah a Moute 3' Driving Finger Roll Layup (2 PTS) (Griffin 1 AST),,2-5,2,5
0021601119,2017-03-29,LAC,WAS,1.7,1,10,18,LAC,WAS,foul,2,False,False,,Beal S.FOUL (P1.T2) (M.Ervin),2-5,2,5
0021601119,2017-03-29,LAC,WAS,1.7,1,10,18,LAC,LAC,ft_make,10,False,False,Mbah a Moute Free Throw 1 of 1 (3 PTS),,3-5,3,5
0021601119,2017-03-29,LAC,WAS,1.9,1,10,6,WAS,WAS,fg_make,79,False,False,,Wall 15' Pullup Jump Shot (4 PTS),3-7,3,7
0021601119,2017-03-29,LAC,WAS,2.03,1,9,58,LAC,LAC,fg_make,79,False,False,Paul 16' Pullup Jump Shot (2 PTS),,5-7,5,7
0021601119,2017-03-29,LAC,WAS,2.28,1,9,43,WAS,WAS,fg_make,102,False,False,,Beal 12' Driving Floating Bank Jump Shot (2 PTS),5-9,5,9
0021601119,2017-03-29,LAC,WAS,2.57,1,9,26,LAC,LAC,tov,40,False,False,Redick Out of Bounds Lost Ball Turnover (P1.T2),,5-9,5,9
0021601119,2017-03-29,LAC,WAS,2.73,1,9,16,WAS,WAS,fg_miss,7,False,False,,MISS Gortat  Dunk,5-9,5,9
0021601119,2017-03-29,LAC,WAS,2.77,1,9,14,LAC,LAC,reb,0,False,False,Mbah a Moute REBOUND (Off:0 Def:1),,5-9,5,9
0021601119,2017-03-29,LAC,WAS,2.83,1,9,10,LAC,LAC,fg_make,50,False,False,Griffin  Running Dunk (2 PTS),,7-9,7,9
0021601119,2017-03-29,LAC,WAS,3.18,1,8,49,WAS,WAS,fg_miss,78,False,False,,MISS Porter Jr. 6' Floating Jump Shot,7-9,7,9
0021601119,2017-03-29,LAC,WAS,3.23,1,8,46,LAC,LAC,reb,0,False,False,Jordan REBOUND (Off:0 Def:3),,7-9,7,9
0021601119,2017-03-29,LAC,WAS,3.38,1,8,37,LAC,LAC,fg_make,79,False,False,Paul 14' Pullup Jump Shot (4 PTS) (Griffin 2 AST),,9-9,9,9
0021601119,2017-03-29,LAC,WAS,3.67,1,8,20,WAS,WAS,tov,2,False,True,,Gortat Lost Ball Turnover (P1.T1),9-9,9,9
0021601119,2017-03-29,LAC,WAS,3.67,1,8,20,WAS,LAC,steal,2,False,True,steal,steal,9-9,9,9
0021601119,2017-03-29,LAC,WAS,3.83,1,8,10,LAC,LAC,fg_make,5,False,False,Jordan 3' Layup (2 PTS) (Griffin 3 AST),,11-9,11,9
0021601119,2017-03-29,LAC,WAS,3.83,1,8,10,LAC,WAS,foul,2,False,False,,Wall S.FOUL (P1.T3) (M.Ervin),11-9,11,9
0021601119,2017-03-29,LAC,WAS,3.83,1,8,10,LAC,LAC,ft_make,10,False,False,Jordan Free Throw 1 of 1 (3 PTS),,12-9,12,9
0021601119,2017-03-29,LAC,WAS,4.0,1,8,0,WAS,WAS,tov,2,False,True,,Wall Lost Ball Turnover (P1.T2),12-9,12,9
0021601119,2017-03-29,LAC,WAS,4.0,1,8,0,WAS,LAC,steal,2,False,True,steal,steal,12-9,12,9
0021601119,2017-03-29,LAC,WAS,4.1,1,7,54,LAC,LAC,fg3_make,1,False,False,Redick 26' 3PT Jump Shot (3 PTS) (Paul 1 AST),,15-9,15,9
0021601119,2017-03-29,LAC,WAS,4.13,1,7,52,WAS,WAS,timeout,1,False,False,,Wizards Timeout: Regular (Reg.1 Short 0),15-9,15,9
0021601119,2017-03-29,LAC,WAS,4.45,1,7,33,WAS,WAS,fg_make,86,False,False,,Porter Jr. 13' Turnaround Fadeaway (2 PTS),15-11,15,11
0021601119,2017-03-29,LAC,WAS,4.72,1,7,17,LAC,WAS,foul,2,False,False,,Mark Morris S.FOUL (P2.T4) (G.Zielinski),15-11,15,11
0021601119,2017-03-29,LAC,WAS,4.72,1,7,17,LAC,LAC,ft_make,11,False,False,Jordan Free Throw 1 of 2 (4 PTS),,16-11,16,11
0021601119,2017-03-29,LAC,WAS,4.72,1,7,17,LAC,LAC,ft_miss,12,False,False,MISS Jordan Free Throw 2 of 2,,16-11,16,11
0021601119,2017-03-29,LAC,WAS,4.72,1,7,17,WAS,WAS,reb,0,False,False,,Smith REBOUND (Off:0 Def:1),16-11,16,11
0021601119,2017-03-29,LAC,WAS,5.13,1,6,52,WAS,WAS,fg3_miss,1,False,False,,MISS Beal 27' 3PT Jump Shot,16-11,16,11
0021601119,2017-03-29,LAC,WAS,5.13,1,6,52,WAS,WAS,reb,0,False,False,,Wizards Rebound,16-11,16,11
0021601119,2017-03-29,LAC,WAS,5.13,1,6,52,WAS,WAS,tov,11,False,False,,Wizards Turnover: Shot Clock (T#3),16-11,16,11
0021601119,2017-03-29,LAC,WAS,5.3,1,6,42,LAC,LAC,fg3_make,1,False,False,Redick 24' 3PT Jump Shot (6 PTS) (Paul 2 AST),,19-11,19,11
0021601119,2017-03-29,LAC,WAS,5.45,1,6,33,WAS,LAC,foul,1,False,False,Mbah a Moute P.FOUL (P1.T1) (G.Zielinski),,19-11,19,11
0021601119,2017-03-29,LAC,WAS,5.65,1,6,21,WAS,WAS,fg_make,79,False,False,,Porter Jr. 18' Pullup Jump Shot (4 PTS) (Gortat 2 AST),19-13,19,13
0021601119,2017-03-29,LAC,WAS,5.83,1,6,10,LAC,LAC,fg_make,75,False,False,Griffin 4' Driving Finger Roll Layup (4 PTS) (Paul 3 AST),,21-13,21,13
0021601119,2017-03-29,LAC,WAS,6.02,1,5,59,WAS,WAS,fg3_make,1,False,False,,Smith 25' 3PT Jump Shot (3 PTS) (Wall 1 AST),21-16,21,16
0021601119,2017-03-29,LAC,WAS,6.35,1,5,39,LAC,LAC,fg_miss,52,False,False,MISS Jordan  Alley Oop Dunk,,21-16,21,16
0021601119,2017-03-29,LAC,WAS,6.4,1,5,36,WAS,WAS,reb,0,False,False,,Smith REBOUND (Off:0 Def:2),21-16,21,16
0021601119,2017-03-29,LAC,WAS,6.47,1,5,32,WAS,WAS,fg_miss,1,False,False,,MISS Wall 3' Jump Shot,21-16,21,16
0021601119,2017-03-29,LAC,WAS,6.55,1,5,27,WAS,WAS,reb,0,False,False,,Gortat REBOUND (Off:2 Def:0),21-16,21,16
0021601119,2017-03-29,LAC,WAS,6.55,1,5,27,WAS,WAS,fg_make,72,False,False,,Gortat 2' Putback Layup (2 PTS),21-18,21,18
0021601119,2017-03-29,LAC,WAS,6.77,1,5,14,LAC,LAC,fg3_miss,1,False,False,MISS Redick 25' 3PT Jump Shot,,21-18,21,18
0021601119,2017-03-29,LAC,WAS,6.78,1,5,13,WAS,WAS,reb,0,False,False,,Wall REBOUND (Off:0 Def:1),21-18,21,18
0021601119,2017-03-29,LAC,WAS,6.83,1,5,10,WAS,WAS,fg_make,41,False,False,,Wall 3' Running Layup (6 PTS),21-20,21,20
0021601119,2017-03-29,LAC,WAS,6.83,1,5,10,WAS,LAC,foul,2,False,False,Paul S.FOUL (P1.T2) (J.Capers),,21-20,21,20
0021601119,2017-03-29,LAC,WAS,6.83,1,5,10,LAC,LAC,timeout,1,False,False,CLIPPERS Timeout: Regular (Full 1 Short 0),,21-20,21,20
0021601119,2017-03-29,LAC,WAS,6.83,1,5,10,LAC,WAS,ft_make,10,False,False,,Wall Free Throw 1 of 1 (7 PTS),21-21,21,21
0021601119,2017-03-29,LAC,WAS,7.05,1,4,57,LAC,LAC,fg3_make,1,False,False,Redick  3PT Jump Shot (9 PTS) (Griffin 4 AST),,24-21,24,21
0021601119,2017-03-29,LAC,WAS,7.37,1,4,38,WAS,WAS,fg3_make,1,False,False,,Wall 27' 3PT Jump Shot (10 PTS) (Gortat 3 AST),24-24,24,24
0021601119,2017-03-29,LAC,WAS,7.58,1,4,25,LAC,LAC,fg_make,80,False,False,Paul 16' Step Back Jump Shot (6 PTS),,26-24,26,24
0021601119,2017-03-29,LAC,WAS,7.88,1,4,7,WAS,WAS,fg3_make,1,False,False,,Beal 27' 3PT Jump Shot (5 PTS),26-27,26,27
0021601119,2017-03-29,LAC,WAS,8.17,1,3,50,LAC,WAS,foul,1,False,False,,Smith P.FOUL (P1.PN) (G.Zielinski),26-27,26,27
0021601119,2017-03-29,LAC,WAS,8.17,1,3,50,LAC,LAC,ft_make,11,False,False,Paul Free Throw 1 of 2 (7 PTS),,27-27,27,27
0021601119,2017-03-29,LAC,WAS,8.17,1,3,50,LAC,LAC,ft_make,12,False,False,Paul Free Throw 2 of 2 (8 PTS),,28-27,28,27
0021601119,2017-03-29,LAC,WAS,8.37,1,3,38,WAS,WAS,fg_miss,5,True,False,,MISS Wall 2' Layup,28-27,28,27
0021601119,2017-03-29,LAC,WAS,8.37,1,3,38,WAS,LAC,block,5,True,False,block,block,28-27,28,27
0021601119,2017-03-29,LAC,WAS,8.38,1,3,37,WAS,WAS,reb,0,False,False,,Wall REBOUND (Off:1 Def:1),28-27,28,27
0021601119,2017-03-29,LAC,WAS,8.38,1,3,37,WAS,WAS,timeout,2,False,False,,Wizards Timeout: Short (Reg.1 Short 1),28-27,28,27
0021601119,2017-03-29,LAC,WAS,8.55,1,3,27,WAS,WAS,fg_miss,5,False,False,,MISS Smith 2' Layup,28-27,28,27
0021601119,2017-03-29,LAC,WAS,8.58,1,3,25,LAC,LAC,reb,0,False,False,Griffin REBOUND (Off:0 Def:1),,28-27,28,27
0021601119,2017-03-29,LAC,WAS,8.67,1,3,20,LAC,WAS,foul,1,False,False,,Mahinmi P.FOUL (P1.PN) (G.Zielinski),28-27,28,27
0021601119,2017-03-29,LAC,WAS,8.67,1,3,20,LAC,LAC,ft_make,11,False,False,Paul Free Throw 1 of 2 (9 PTS),,29-27,29,27
0021601119,2017-03-29,LAC,WAS,8.67,1,3,20,LAC,LAC,ft_miss,12,False,False,MISS Paul Free Throw 2 of 2,,29-27,29,27
0021601119,2017-03-29,LAC,WAS,8.68,1,3,19,WAS,WAS,reb,0,False,False,,Mahinmi REBOUND (Off:0 Def:1),29-27,29,27
0021601119,2017-03-29,LAC,WAS,8.98,1,3,1,WAS,WAS,fg_miss,1,False,False,,MISS Mahinmi 3' Jump Shot,29-27,29,27
0021601119,2017-03-29,LAC,WAS,9.0,1,3,0,LAC,LAC,reb,0,False,False,Jordan REBOUND (Off:0 Def:4),,29-27,29,27
0021601119,2017-03-29,LAC,WAS,9.08,1,2,55,LAC,LAC,fg_make,78,False,False,Crawford 5' Floating Jump Shot (2 PTS) (Paul 4 AST),,31-27,31,27
0021601119,2017-03-29,LAC,WAS,9.37,1,2,38,WAS,WAS,fg_miss,79,False,False,,MISS Beal 17' Pullup Jump Shot,31-27,31,27
0021601119,2017-03-29,LAC,WAS,9.4,1,2,36,LAC,LAC,reb,0,False,False,Griffin REBOUND (Off:0 Def:2),,31-27,31,27
0021601119,2017-03-29,LAC,WAS,9.55,1,2,27,LAC,LAC,fg_make,86,False,False,Paul 12' Turnaround Fadeaway (11 PTS),,33-27,33,27
0021601119,2017-03-29,LAC,WAS,9.8,1,2,12,WAS,WAS,tov,40,False,False,,Wall Out of Bounds Lost Ball Turnover (P2.T4),33-27,33,27
0021601119,2017-03-29,LAC,WAS,10.03,1,1,58,LAC,LAC,fg3_miss,1,False,False,MISS Griffin 27' 3PT Jump Shot,,33-27,33,27
0021601119,2017-03-29,LAC,WAS,10.05,1,1,57,WAS,WAS,reb,0,False,False,,Oubre Jr. REBOUND (Off:0 Def:1),33-27,33,27
0021601119,2017-03-29,LAC,WAS,10.17,1,1,50,LAC,WAS,foul,26,False,False,,Wall Offensive Charge Foul (P2.PN) (G.Zielinski),33-27,33,27
0021601119,2017-03-29,LAC,WAS,10.17,1,1,50,WAS,WAS,tov,5,False,False,,Wall Foul Turnover (P3.T5),33-27,33,27
0021601119,2017-03-29,LAC,WAS,10.38,1,1,37,LAC,LAC,fg_make,1,False,False,Paul 16' Jump Shot (13 PTS),,35-27,35,27
0021601119,2017-03-29,LAC,WAS,10.63,1,1,22,WAS,WAS,fg_make,49,False,False,,Smith  Driving Dunk (5 PTS) (Beal 2 AST),35-29,35,29
0021601119,2017-03-29,LAC,WAS,10.83,1,1,10,LAC,WAS,foul,2,False,False,,Jennings S.FOUL (P1.PN) (J.Capers),35-29,35,29
0021601119,2017-03-29,LAC,WAS,10.83,1,1,10,LAC,LAC,ft_make,11,False,False,Paul Free Throw 1 of 2 (14 PTS),,36-29,36,29
0021601119,2017-03-29,LAC,WAS,10.83,1,1,10,LAC,LAC,ft_make,12,False,False,Paul Free Throw 2 of 2 (15 PTS),,37-29,37,29
0021601119,2017-03-29,LAC,WAS,11.25,1,0,45,WAS,WAS,fg3_miss,1,False,False,,MISS Beal 26' 3PT Jump Shot,37-29,37,29
0021601119,2017-03-29,LAC,WAS,11.27,1,0,44,WAS,WAS,reb,0,False,False,,Mahinmi REBOUND (Off:1 Def:1),37-29,37,29
0021601119,2017-03-29,LAC,WAS,11.28,1,0,43,WAS,WAS,fg_miss,3,False,False,,MISS Mahinmi 3' Hook Shot,37-29,37,29
0021601119,2017-03-29,LAC,WAS,11.32,1,0,41,LAC,LAC,reb,0,False,False,Speights REBOUND (Off:0 Def:1),,37-29,37,29
0021601119,2017-03-29,LAC,WAS,11.53,1,0,28,LAC,LAC,fg_miss,78,False,False,MISS Rivers 12' Floating Jump Shot,,37-29,37,29
0021601119,2017-03-29,LAC,WAS,11.53,1,0,28,LAC,LAC,fg_make,72,False,False,Speights 2' Putback Layup (2 PTS),,39-29,39,29
0021601119,2017-03-29,LAC,WAS,11.53,1,0,28,LAC,LAC,reb,0,False,False,Speights REBOUND (Off:1 Def:1),,37-29,37,29
0021601119,2017-03-29,LAC,WAS,11.95,1,0,3,WAS,WAS,fg3_miss,1,False,False,,MISS Bogdanovic 25' 3PT Jump Shot,39-29,39,29
0021601119,2017-03-29,LAC,WAS,11.95,1,0,3,WAS,WAS,fg_make,107,False,False,,Oubre Jr.  Tip Dunk Shot (2 PTS),39-31,39,31
0021601119,2017-03-29,LAC,WAS,11.95,1,0,3,WAS,WAS,reb,0,False,False,,Oubre Jr. REBOUND (Off:1 Def:1),39-29,39,29
0021601119,2017-03-29,LAC,WAS,12.0,1,0,0,LAC,LAC,fg3_miss,103,False,False,MISS Crawford 32' 3PT Running Pull-Up Jump Shot,,39-31,39,31
0021601119,2017-03-29,LAC,WAS,12.0,1,0,0,LAC,,period_end,0,False,False,,,39-31,39,31
0021601119,2017-03-29,LAC,WAS,12.0,1,0,0,LAC,LAC,reb,0,False,False,CLIPPERS Rebound,,39-31,39,31
0021601119,2017-03-29,LAC,WAS,12.0,2,12,0,LAC,,period_start,0,False,False,,,39-31,39,31
0021601119,2017-03-29,LAC,WAS,12.33,2,11,40,LAC,LAC,tov,39,False,False,Felton Step Out of Bounds Turnover (P1.T3),,39-31,39,31
0021601119,2017-03-29,LAC,WAS,12.53,2,11,28,WAS,LAC,foul,1,False,False,Speights P.FOUL (P1.T1) (J.Capers),,39-31,39,31
0021601119,2017-03-29,LAC,WAS,12.62,2,11,23,WAS,WAS,fg3_make,1,False,False,,Bogdanovic 26' 3PT Jump Shot (3 PTS) (Jennings 1 AST),39-34,39,34
0021601119,2017-03-29,LAC,WAS,12.92,2,11,5,LAC,LAC,fg3_miss,1,False,False,MISS Crawford 26' 3PT Jump Shot,,39-34,39,34
0021601119,2017-03-29,LAC,WAS,12.95,2,11,3,WAS,WAS,reb,0,False,False,,Bogdanovic REBOUND (Off:0 Def:1),39-34,39,34
0021601119,2017-03-29,LAC,WAS,13.05,2,10,57,WAS,WAS,fg_make,47,False,False,,Oubre Jr. 11' Turnaround Jump Shot (4 PTS) (Jennings 2 AST),39-36,39,36
0021601119,2017-03-29,LAC,WAS,13.48,2,10,31,LAC,LAC,fg3_miss,80,False,False,MISS Rivers 26' 3PT Step Back Jump Shot,,39-36,39,36
0021601119,2017-03-29,LAC,WAS,13.55,2,10,27,WAS,WAS,reb,0,False,False,,Smith REBOUND (Off:0 Def:3),39-36,39,36
0021601119,2017-03-29,LAC,WAS,13.73,2,10,16,WAS,WAS,fg_miss,3,False,False,,MISS Mahinmi 6' Hook Shot,39-36,39,36
0021601119,2017-03-29,LAC,WAS,13.77,2,10,14,LAC,LAC,reb,0,False,False,Pierce REBOUND (Off:0 Def:1),,39-36,39,36
0021601119,2017-03-29,LAC,WAS,13.9,2,10,6,LAC,LAC,fg3_make,1,False,False,Speights 26' 3PT Jump Shot (5 PTS) (Crawford 1 AST),,42-36,42,36
0021601119,2017-03-29,LAC,WAS,14.12,2,9,53,WAS,WAS,fg3_miss,1,False,False,,MISS Smith 26' 3PT Jump Shot,42-36,42,36
0021601119,2017-03-29,LAC,WAS,14.12,2,9,53,WAS,WAS,reb,0,False,False,,Wizards Rebound,42-36,42,36
0021601119,2017-03-29,LAC,WAS,14.12,2,9,53,WAS,LAC,foul,3,False,False,Speights L.B.FOUL (P2.T2) (M.Ervin),,42-36,42,36
0021601119,2017-03-29,LAC,WAS,14.17,2,9,50,WAS,WAS,tov,4,False,False,,Jennings Traveling Turnover (P1.T6),42-36,42,36
0021601119,2017-03-29,LAC,WAS,14.37,2,9,38,LAC,WAS,foul,27,False,False,,Mahinmi Personal Block Foul (P2.T1) (J.Capers),42-36,42,36
0021601119,2017-03-29,LAC,WAS,14.52,2,9,29,LAC,LAC,fg_miss,42,False,False,MISS Speights 3' Driving Layup,,42-36,42,36
0021601119,2017-03-29,LAC,WAS,14.55,2,9,27,WAS,WAS,reb,0,False,False,,Bogdanovic REBOUND (Off:0 Def:2),42-36,42,36
0021601119,2017-03-29,LAC,WAS,14.6,2,9,24,WAS,WAS,fg_make,41,False,False,,Mahinmi 1' Running Layup (2 PTS) (Jennings 3 AST),42-38,42,38
0021601119,2017-03-29,LAC,WAS,14.6,2,9,24,WAS,LAC,foul,2,False,False,Speights S.FOUL (P3.T3) (J.Capers),,42-38,42,38
0021601119,2017-03-29,LAC,WAS,14.6,2,9,24,WAS,WAS,ft_miss,10,False,False,,MISS Mahinmi Free Throw 1 of 1,42-38,42,38
0021601119,2017-03-29,LAC,WAS,14.6,2,9,24,LAC,LAC,reb,0,False,False,Rivers REBOUND (Off:0 Def:1),,42-38,42,38
0021601119,2017-03-29,LAC,WAS,14.92,2,9,5,LAC,LAC,fg_miss,1,False,False,MISS Crawford 15' Jump Shot,,42-38,42,38
0021601119,2017-03-29,LAC,WAS,14.92,2,9,5,LAC,LAC,reb,0,False,False,CLIPPERS Rebound,,42-38,42,38
0021601119,2017-03-29,LAC,WAS,14.92,2,9,5,LAC,WAS,foul,3,False,False,,Mahinmi L.B.FOUL (P3.T2) (J.Capers),42-38,42,38
0021601119,2017-03-29,LAC,WAS,15.03,2,8,58,LAC,WAS,foul,1,False,False,,Oubre Jr. P.FOUL (P1.T3) (G.Zielinski),42-38,42,38
0021601119,2017-03-29,LAC,WAS,15.03,2,8,58,LAC,,timeout,4,False,False,,,42-38,42,38
0021601119,2017-03-29,LAC,WAS,15.2,2,8,48,LAC,LAC,fg3_miss,1,False,False,MISS Rivers 28' 3PT Jump Shot,,42-38,42,38
0021601119,2017-03-29,LAC,WAS,15.22,2,8,47,WAS,WAS,reb,0,False,False,,Mark Morris REBOUND (Off:0 Def:2),42-38,42,38
0021601119,2017-03-29,LAC,WAS,15.43,2,8,34,WAS,LAC,foul,2,False,False,Pierce S.FOUL (P1.T4) (G.Zielinski),,42-38,42,38
0021601119,2017-03-29,LAC,WAS,15.43,2,8,34,WAS,WAS,ft_make,11,False,False,,Mark Morris Free Throw 1 of 2 (4 PTS),42-39,42,39
0021601119,2017-03-29,LAC,WAS,15.43,2,8,34,WAS,WAS,ft_make,12,False,False,,Mark Morris Free Throw 2 of 2 (5 PTS),42-40,42,40
0021601119,2017-03-29,LAC,WAS,15.67,2,8,20,LAC,LAC,fg_make,5,False,False,Felton 3' Layup (2 PTS),,44-40,44,40
0021601119,2017-03-29,LAC,WAS,15.82,2,8,11,WAS,WAS,fg3_miss,1,False,False,,MISS Smith 27' 3PT Jump Shot,44-40,44,40
0021601119,2017-03-29,LAC,WAS,15.87,2,8,8,WAS,WAS,reb,0,False,False,,Oubre Jr. REBOUND (Off:2 Def:1),44-40,44,40
0021601119,2017-03-29,LAC,WAS,15.88,2,8,7,WAS,WAS,tov,1,False,True,,Oubre Jr. Bad Pass Turnover (P1.T7),44-40,44,40
0021601119,2017-03-29,LAC,WAS,15.88,2,8,7,WAS,LAC,steal,1,False,True,steal,steal,44-40,44,40
0021601119,2017-03-29,LAC,WAS,15.97,2,8,2,LAC,LAC,fg_miss,41,False,False,MISS Crawford 1' Running Layup,,44-40,44,40
0021601119,2017-03-29,LAC,WAS,16.0,2,8,0,LAC,LAC,fg_make,107,False,False,Jordan  Tip Dunk Shot (6 PTS),,46-40,46,40
0021601119,2017-03-29,LAC,WAS,16.0,2,8,0,LAC,LAC,reb,0,False,False,Jordan REBOUND (Off:1 Def:4),,44-40,44,40
0021601119,2017-03-29,LAC,WAS,16.18,2,7,49,WAS,WAS,fg3_miss,1,False,False,,MISS Jennings 27' 3PT Jump Shot,46-40,46,40
0021601119,2017-03-29,LAC,WAS,16.22,2,7,47,LAC,LAC,reb,0,False,False,CLIPPERS Rebound,,46-40,46,40
0021601119,2017-03-29,LAC,WAS,16.43,2,7,34,LAC,LAC,fg_make,102,False,False,Crawford 7' Driving Floating Bank Jump Shot (4 PTS),,48-40,48,40
0021601119,2017-03-29,LAC,WAS,16.6,2,7,24,WAS,WAS,fg3_miss,1,False,False,,MISS Smith 24' 3PT Jump Shot,48-40,48,40
0021601119,2017-03-29,LAC,WAS,16.63,2,7,22,LAC,LAC,reb,0,False,False,Felton REBOUND (Off:0 Def:1),,48-40,48,40
0021601119,2017-03-29,LAC,WAS,16.82,2,7,11,LAC,WAS,foul,1,False,False,,Mark Morris P.FOUL (P3.T4) (J.Capers),48-40,48,40
0021601119,2017-03-29,LAC,WAS,16.93,2,7,4,LAC,WAS,foul,1,False,False,,Oubre Jr. P.FOUL (P2.PN) (G.Zielinski),48-40,48,40
0021601119,2017-03-29,LAC,WAS,16.93,2,7,4,LAC,LAC,ft_miss,11,False,False,MISS Griffin Free Throw 1 of 2,,48-40,48,40
0021601119,2017-03-29,LAC,WAS,16.93,2,7,4,LAC,LAC,reb,1,False,False,CLIPPERS Rebound,,48-40,48,40
0021601119,2017-03-29,LAC,WAS,16.93,2,7,4,LAC,LAC,ft_miss,12,False,False,MISS Griffin Free Throw 2 of 2,,48-40,48,40
0021601119,2017-03-29,LAC,WAS,16.98,2,7,1,WAS,WAS,reb,0,False,False,,Smith REBOUND (Off:0 Def:4),48-40,48,40
0021601119,2017-03-29,LAC,WAS,17.12,2,6,53,WAS,WAS,fg3_make,1,False,False,,Smith 25' 3PT Jump Shot (8 PTS) (Wall 2 AST),48-43,48,43
0021601119,2017-03-29,LAC,WAS,17.27,2,6,44,LAC,LAC,fg_make,79,False,False,Crawford 17' Pullup Jump Shot (6 PTS),,50-43,50,43
0021601119,2017-03-29,LAC,WAS,17.6,2,6,24,WAS,WAS,fg_miss,1,False,False,,MISS Beal 19' Jump Shot,50-43,50,43
0021601119,2017-03-29,LAC,WAS,17.62,2,6,23,LAC,LAC,reb,0,False,False,Crawford REBOUND (Off:0 Def:1),,50-43,50,43
0021601119,2017-03-29,LAC,WAS,17.63,2,6,22,LAC,LAC,tov,1,False,True,Crawford Bad Pass Turnover (P1.T4),,50-43,50,43
0021601119,2017-03-29,LAC,WAS,17.63,2,6,22,LAC,WAS,steal,1,False,True,steal,steal,50-43,50,43
0021601119,2017-03-29,LAC,WAS,17.73,2,6,16,WAS,WAS,fg3_make,1,False,False,,Smith 25' 3PT Jump Shot (11 PTS) (Wall 3 AST),50-46,50,46
0021601119,2017-03-29,LAC,WAS,18.1,2,5,54,LAC,LAC,fg_make,57,False,False,Griffin 4' Driving Hook Shot (6 PTS) (Crawford 2 AST),,52-46,52,46
0021601119,2017-03-29,LAC,WAS,18.23,2,5,46,WAS,WAS,fg3_miss,1,False,False,,MISS Beal 26' 3PT Jump Shot,52-46,52,46
0021601119,2017-03-29,LAC,WAS,18.28,2,5,43,LAC,LAC,reb,0,False,False,Felton REBOUND (Off:0 Def:2),,52-46,52,46
0021601119,2017-03-29,LAC,WAS,18.4,2,5,36,LAC,LAC,fg_miss,1,False,False,MISS Griffin 20' Jump Shot,,52-46,52,46
0021601119,2017-03-29,LAC,WAS,18.43,2,5,34,LAC,LAC,reb,0,False,False,Jordan REBOUND (Off:2 Def:4),,52-46,52,46
0021601119,2017-03-29,LAC,WAS,18.5,2,5,30,LAC,LAC,fg_make,79,False,False,Redick 18' Pullup Jump Shot (11 PTS) (Jordan 1 AST),,54-46,54,46
0021601119,2017-03-29,LAC,WAS,18.5,2,5,30,WAS,WAS,timeout,1,False,False,,Wizards Timeout: Regular (Reg.2 Short 1),54-46,54,46
0021601119,2017-03-29,LAC,WAS,18.65,2,5,21,WAS,WAS,fg3_miss,1,False,False,,MISS Smith 26' 3PT Jump Shot,54-46,54,46
0021601119,2017-03-29,LAC,WAS,18.67,2,5,20,LAC,LAC,reb,0,False,False,Griffin REBOUND (Off:0 Def:3),,54-46,54,46
0021601119,2017-03-29,LAC,WAS,18.8,2,5,12,LAC,WAS,foul,2,False,False,,Beal S.FOUL (P2.PN) (J.Capers),54-46,54,46
0021601119,2017-03-29,LAC,WAS,18.8,2,5,12,LAC,LAC,ft_make,11,False,False,Jordan Free Throw 1 of 2 (7 PTS),,55-46,55,46
0021601119,2017-03-29,LAC,WAS,18.8,2,5,12,LAC,LAC,ft_make,12,False,False,Jordan Free Throw 2 of 2 (8 PTS),,56-46,56,46
0021601119,2017-03-29,LAC,WAS,19.0,2,5,0,WAS,WAS,fg_make,86,False,False,,Wall 13' Turnaround Fadeaway (12 PTS),56-48,56,48
0021601119,2017-03-29,LAC,WAS,19.3,2,4,42,LAC,LAC,fg_miss,1,False,False,MISS Redick 19' Jump Shot,,56-48,56,48
0021601119,2017-03-29,LAC,WAS,19.32,2,4,41,WAS,WAS,reb,0,False,False,,Smith REBOUND (Off:0 Def:5),56-48,56,48
0021601119,2017-03-29,LAC,WAS,19.57,2,4,26,WAS,WAS,fg_make,80,False,False,,Wall 13' Step Back Jump Shot (14 PTS),56-50,56,50
0021601119,2017-03-29,LAC,WAS,19.82,2,4,11,LAC,LAC,fg3_make,1,False,False,Crawford 24' 3PT Jump Shot (9 PTS) (Paul 5 AST),,59-50,59,50
0021601119,2017-03-29,LAC,WAS,20.02,2,3,59,WAS,LAC,foul,1,False,False,Redick P.FOUL (P1.PN) (M.Ervin),,59-50,59,50
0021601119,2017-03-29,LAC,WAS,20.02,2,3,59,WAS,WAS,ft_miss,11,False,False,,MISS Beal Free Throw 1 of 2,59-50,59,50
0021601119,2017-03-29,LAC,WAS,20.02,2,3,59,WAS,WAS,reb,1,False,False,,Wizards Rebound,59-50,59,50
0021601119,2017-03-29,LAC,WAS,20.02,2,3,59,WAS,WAS,ft_miss,12,False,False,,MISS Beal Free Throw 2 of 2,59-50,59,50
0021601119,2017-03-29,LAC,WAS,20.08,2,3,55,LAC,LAC,reb,0,False,False,Griffin REBOUND (Off:0 Def:4),,59-50,59,50
0021601119,2017-03-29,LAC,WAS,20.28,2,3,43,LAC,LAC,fg3_miss,1,False,False,MISS Paul 25' 3PT Jump Shot,,59-50,59,50
0021601119,2017-03-29,LAC,WAS,20.3,2,3,42,WAS,WAS,reb,0,False,False,,Porter Jr. REBOUND (Off:0 Def:2),59-50,59,50
0021601119,2017-03-29,LAC,WAS,20.45,2,3,33,WAS,WAS,fg3_miss,1,False,False,,MISS Porter Jr. 26' 3PT Jump Shot,59-50,59,50
0021601119,2017-03-29,LAC,WAS,20.47,2,3,32,LAC,LAC,reb,0,False,False,Jordan REBOUND (Off:2 Def:5),,59-50,59,50
0021601119,2017-03-29,LAC,WAS,20.75,2,3,15,LAC,LAC,fg_make,3,False,False,Griffin 4' Hook Shot (8 PTS),,61-50,61,50
0021601119,2017-03-29,LAC,WAS,20.98,2,3,1,WAS,WAS,fg_make,42,False,False,,Wall 3' Driving Layup (16 PTS),61-52,61,52
0021601119,2017-03-29,LAC,WAS,21.23,2,2,46,LAC,LAC,fg_make,75,False,False,Redick 4' Driving Finger Roll Layup (13 PTS) (Paul 6 AST),,63-52,63,52
0021601119,2017-03-29,LAC,WAS,21.35,2,2,39,WAS,WAS,tov,1,False,True,,Wall Bad Pass Turnover (P4.T8),63-52,63,52
0021601119,2017-03-29,LAC,WAS,21.35,2,2,39,WAS,LAC,steal,1,False,True,steal,steal,63-52,63,52
0021601119,2017-03-29,LAC,WAS,21.4,2,2,36,LAC,WAS,foul,2,False,False,,Smith S.FOUL (P2.PN) (M.Ervin),63-52,63,52
0021601119,2017-03-29,LAC,WAS,21.4,2,2,36,LAC,LAC,timeout,1,False,False,CLIPPERS Timeout: Regular (Full 2 Short 0),,63-52,63,52
0021601119,2017-03-29,LAC,WAS,21.4,2,2,36,LAC,LAC,ft_make,11,False,False,Griffin Free Throw 1 of 2 (9 PTS),,64-52,64,52
0021601119,2017-03-29,LAC,WAS,21.4,2,2,36,LAC,LAC,ft_make,12,False,False,Griffin Free Throw 2 of 2 (10 PTS),,65-52,65,52
0021601119,2017-03-29,LAC,WAS,21.62,2,2,23,WAS,WAS,fg_make,79,False,False,,Beal 17' Pullup Jump Shot (7 PTS),65-54,65,54
0021601119,2017-03-29,LAC,WAS,21.9,2,2,6,LAC,LAC,fg_make,5,False,False,Jordan 1' Layup (10 PTS) (Griffin 5 AST),,67-54,67,54
0021601119,2017-03-29,LAC,WAS,22.13,2,1,52,WAS,WAS,fg_miss,47,False,False,,MISS Porter Jr. 8' Turnaround Jump Shot,67-54,67,54
0021601119,2017-03-29,LAC,WAS,22.15,2,1,51,WAS,WAS,reb,0,False,False,,Gortat REBOUND (Off:3 Def:0),67-54,67,54
0021601119,2017-03-29,LAC,WAS,22.17,2,1,50,WAS,WAS,fg_make,58,False,False,,Gortat 6' Turnaround Hook Shot (4 PTS),67-56,67,56
0021601119,2017-03-29,LAC,WAS,22.52,2,1,29,LAC,LAC,fg_miss,78,False,False,MISS Paul 5' Floating Jump Shot,,67-56,67,56
0021601119,2017-03-29,LAC,WAS,22.57,2,1,26,,LAC,jump_ball,0,False,False,Jump Ball Paul vs. Beal: Tip to Redick,,67-56,67,56
0021601119,2017-03-29,LAC,WAS,22.57,2,1,26,LAC,LAC,reb,0,False,False,Paul REBOUND (Off:1 Def:0),,67-56,67,56
0021601119,2017-03-29,LAC,WAS,22.77,2,1,14,LAC,LAC,fg3_make,1,False,False,Redick 27' 3PT Jump Shot (16 PTS) (Paul 7 AST),,70-56,70,56
0021601119,2017-03-29,LAC,WAS,23.02,2,0,59,WAS,WAS,fg3_make,1,False,False,,Beal 25' 3PT Jump Shot (10 PTS) (Wall 4 AST),70-59,70,59
0021601119,2017-03-29,LAC,WAS,23.22,2,0,47,LAC,LAC,fg3_miss,1,False,False,MISS Redick 28' 3PT Jump Shot,,70-59,70,59
0021601119,2017-03-29,LAC,WAS,23.23,2,0,46,WAS,WAS,reb,0,False,False,,Wall REBOUND (Off:1 Def:2),70-59,70,59
0021601119,2017-03-29,LAC,WAS,23.27,2,0,44,WAS,LAC,foul,1,False,False,Mbah a Moute P.FOUL (P2.PN) (M.Ervin),,70-59,70,59
0021601119,2017-03-29,LAC,WAS,23.27,2,0,44,WAS,WAS,ft_make,11,False,False,,Wall Free Throw 1 of 2 (17 PTS),70-60,70,60
0021601119,2017-03-29,LAC,WAS,23.27,2,0,44,WAS,WAS,ft_make,12,False,False,,Wall Free Throw 2 of 2 (18 PTS),70-61,70,61
0021601119,2017-03-29,LAC,WAS,23.38,2,0,37,LAC,WAS,foul,2,False,False,,Beal S.FOUL (P3.PN) (G.Zielinski),70-61,70,61
0021601119,2017-03-29,LAC,WAS,23.38,2,0,37,LAC,LAC,ft_make,11,False,False,Redick Free Throw 1 of 2 (17 PTS),,71-61,71,61
0021601119,2017-03-29,LAC,WAS,23.38,2,0,37,LAC,LAC,ft_make,12,False,False,Redick Free Throw 2 of 2 (18 PTS),,72-61,72,61
0021601119,2017-03-29,LAC,WAS,23.52,2,0,29,WAS,WAS,fg_miss,79,False,False,,MISS Wall 16' Pullup Jump Shot,72-61,72,61
0021601119,2017-03-29,LAC,WAS,23.57,2,0,26,LAC,LAC,reb,0,False,False,Jordan REBOUND (Off:2 Def:6),,72-61,72,61
0021601119,2017-03-29,LAC,WAS,23.65,2,0,21,WAS,WAS,timeout,2,False,False,,Wizards Timeout: Short (Reg.2 Short 2),72-61,72,61
0021601119,2017-03-29,LAC,WAS,23.82,2,0,11,LAC,LAC,fg_make,7,False,False,Jordan  Dunk (12 PTS) (Paul 8 AST),,74-61,74,61
0021601119,2017-03-29,LAC,WAS,23.93,2,0,4,WAS,LAC,foul,1,False,False,Griffin P.FOUL (P1.PN) (J.Capers),,74-61,74,61
0021601119,2017-03-29,LAC,WAS,23.93,2,0,4,WAS,WAS,ft_make,11,False,False,,Wall Free Throw 1 of 2 (19 PTS),74-62,74,62
0021601119,2017-03-29,LAC,WAS,23.93,2,0,4,WAS,WAS,ft_make,12,False,False,,Wall Free Throw 2 of 2 (20 PTS),74-63,74,63
0021601119,2017-03-29,LAC,WAS,23.98,2,0,1,LAC,LAC,fg3_miss,46,False,False,MISS Crawford 52' 3PT Running Jump Shot,,74-63,74,63
0021601119,2017-03-29,LAC,WAS,24.0,2,0,0,LAC,LAC,reb,0,False,False,CLIPPERS Rebound,,74-63,74,63
0021601119,2017-03-29,LAC,WAS,24.0,2,0,0,LAC,,period_end,0,False,False,,,74-63,74,63
0021601119,2017-03-29,LAC,WAS,24.0,3,12,0,LAC,,period_start,0,False,False,,,74-63,74,63
0021601119,2017-03-29,LAC,WAS,24.23,3,11,46,LAC,LAC,fg_make,7,False,False,Griffin  Dunk (12 PTS) (Paul 9 AST),,76-63,76,63
0021601119,2017-03-29,LAC,WAS,24.53,3,11,28,WAS,WAS,fg3_make,1,False,False,,Beal 26' 3PT Jump Shot (13 PTS) (Wall 5 AST),76-66,76,66
0021601119,2017-03-29,LAC,WAS,24.88,3,11,7,LAC,WAS,foul,2,False,False,,Porter Jr. S.FOUL (P1.T1) (G.Zielinski),76-66,76,66
0021601119,2017-03-29,LAC,WAS,24.88,3,11,7,LAC,LAC,ft_miss,11,False,False,MISS Mbah a Moute Free Throw 1 of 2,,76-66,76,66
0021601119,2017-03-29,LAC,WAS,24.88,3,11,7,LAC,LAC,reb,1,False,False,CLIPPERS Rebound,,76-66,76,66
0021601119,2017-03-29,LAC,WAS,24.88,3,11,7,LAC,LAC,ft_miss,12,False,False,MISS Mbah a Moute Free Throw 2 of 2,,76-66,76,66
0021601119,2017-03-29,LAC,WAS,24.92,3,11,5,WAS,WAS,reb,0,False,False,,Mark Morris REBOUND (Off:0 Def:3),76-66,76,66
0021601119,2017-03-29,LAC,WAS,25.13,3,10,52,WAS,WAS,fg_make,42,False,False,,Wall 2' Driving Layup (22 PTS),76-68,76,68
0021601119,2017-03-29,LAC,WAS,25.45,3,10,33,LAC,LAC,fg_miss,58,False,False,MISS Griffin 8' Turnaround Hook Shot,,76-68,76,68
0021601119,2017-03-29,LAC,WAS,25.48,3,10,31,LAC,LAC,fg_make,97,False,False,Jordan  Tip Layup Shot (14 PTS),,78-68,78,68
0021601119,2017-03-29,LAC,WAS,25.48,3,10,31,LAC,LAC,reb,0,False,False,Jordan REBOUND (Off:3 Def:6),,76-68,76,68
0021601119,2017-03-29,LAC,WAS,25.63,3,10,22,WAS,LAC,foul,1,False,False,Redick P.FOUL (P2.T1) (M.Ervin),,78-68,78,68
0021601119,2017-03-29,LAC,WAS,25.73,3,10,16,WAS,LAC,foul,2,False,False,Jordan S.FOUL (P1.T2) (J.Capers),,78-68,78,68
0021601119,2017-03-29,LAC,WAS,25.73,3,10,16,WAS,WAS,ft_miss,11,False,False,,MISS Wall Free Throw 1 of 2,78-68,78,68
0021601119,2017-03-29,LAC,WAS,25.73,3,10,16,WAS,WAS,reb,1,False,False,,Wizards Rebound,78-68,78,68
0021601119,2017-03-29,LAC,WAS,25.73,3,10,16,WAS,WAS,ft_miss,12,False,False,,MISS Wall Free Throw 2 of 2,78-68,78,68
0021601119,2017-03-29,LAC,WAS,25.78,3,10,13,LAC,LAC,reb,0,False,False,Griffin REBOUND (Off:0 Def:5),,78-68,78,68
0021601119,2017-03-29,LAC,WAS,25.93,3,10,4,LAC,LAC,fg3_make,1,False,False,Redick 25' 3PT Jump Shot (21 PTS) (Griffin 6 AST),,81-68,81,68
0021601119,2017-03-29,LAC,WAS,26.27,3,9,44,WAS,LAC,foul,1,False,False,Griffin P.FOUL (P2.T3) (M.Ervin),,81-68,81,68
0021601119,2017-03-29,LAC,WAS,26.4,3,9,36,WAS,WAS,fg3_make,1,False,False,,Mark Morris 24' 3PT Jump Shot (8 PTS) (Beal 3 AST),81-71,81,71
0021601119,2017-03-29,LAC,WAS,26.53,3,9,28,LAC,LAC,fg3_make,1,False,False,Paul 28' 3PT Jump Shot (18 PTS),,84-71,84,71
0021601119,2017-03-29,LAC,WAS,26.78,3,9,13,WAS,WAS,fg_miss,5,True,False,,MISS Mark Morris 3' Layup,84-71,84,71
0021601119,2017-03-29,LAC,WAS,26.78,3,9,13,WAS,LAC,block,5,True,False,block,block,84-71,84,71
0021601119,2017-03-29,LAC,WAS,26.78,3,9,13,WAS,WAS,reb,0,False,False,,Wizards Rebound,84-71,84,71
0021601119,2017-03-29,LAC,WAS,26.87,3,9,8,WAS,WAS,fg_make,1,False,False,,Mark Morris 18' Jump Shot (10 PTS) (Porter Jr. 1 AST),84-73,84,73
0021601119,2017-03-29,LAC,WAS,27.12,3,8,53,LAC,LAC,fg_make,49,False,False,Griffin  Driving Dunk (14 PTS),,86-73,86,73
0021601119,2017-03-29,LAC,WAS,27.4,3,8,36,WAS,WAS,fg_make,79,False,False,,Wall 12' Pullup Jump Shot (24 PTS),86-75,86,75
0021601119,2017-03-29,LAC,WAS,27.5,3,8,30,LAC,LAC,fg3_make,103,False,False,Redick 27' 3PT Running Pull-Up Jump Shot (24 PTS) (Paul 10 AST),,89-75,89,75
0021601119,2017-03-29,LAC,WAS,27.53,3,8,28,WAS,WAS,timeout,1,False,False,,Wizards Timeout: Regular (Reg.3 Short 2),89-75,89,75
0021601119,2017-03-29,LAC,WAS,27.82,3,8,11,WAS,WAS,fg_miss,1,False,False,,MISS Porter Jr. 10' Jump Shot,89-75,89,75
0021601119,2017-03-29,LAC,WAS,27.87,3,8,8,WAS,WAS,reb,0,False,False,,Gortat REBOUND (Off:4 Def:0),89-75,89,75
0021601119,2017-03-29,LAC,WAS,27.93,3,8,4,WAS,WAS,fg_make,58,False,False,,Gortat 8' Turnaround Hook Shot (6 PTS),89-77,89,77
0021601119,2017-03-29,LAC,WAS,28.33,3,7,40,LAC,LAC,fg_make,49,False,False,Griffin  Driving Dunk (16 PTS),,91-77,91,77
0021601119,2017-03-29,LAC,WAS,28.65,3,7,21,WAS,WAS,fg_miss,3,False,False,,MISS Gortat 5' Hook Shot,91-77,91,77
0021601119,2017-03-29,LAC,WAS,28.7,3,7,18,LAC,LAC,reb,0,False,False,Jordan REBOUND (Off:3 Def:7),,91-77,91,77
0021601119,2017-03-29,LAC,WAS,28.85,3,7,9,LAC,LAC,fg_make,79,False,False,Mbah a Moute 18' Pullup Jump Shot (5 PTS) (Griffin 7 AST),,93-77,93,77
0021601119,2017-03-29,LAC,WAS,28.85,3,7,9,LAC,LAC,fg_make,79,False,False,Mbah a Moute 18' Pullup Jump Shot (5 PTS) (Griffin 7 AST),,93-77,93,77
0021601119,2017-03-29,LAC,WAS,29.15,3,6,51,WAS,LAC,foul,2,False,False,Paul S.FOUL (P2.T4) (J.Capers),,93-77,93,77
0021601119,2017-03-29,LAC,WAS,29.15,3,6,51,WAS,WAS,ft_make,11,False,False,,Mark Morris Free Throw 1 of 2 (11 PTS),93-78,93,78
0021601119,2017-03-29,LAC,WAS,29.15,3,6,51,WAS,WAS,ft_make,12,False,False,,Mark Morris Free Throw 2 of 2 (12 PTS),93-79,93,79
0021601119,2017-03-29,LAC,WAS,29.38,3,6,37,LAC,LAC,fg3_make,79,False,False,Redick 27' 3PT Pullup Jump Shot (27 PTS) (Griffin 8 AST),,96-79,96,79
0021601119,2017-03-29,LAC,WAS,29.8,3,6,12,WAS,WAS,fg_make,79,False,False,,Wall 20' Pullup Jump Shot (26 PTS) (Porter Jr. 2 AST),96-81,96,81
0021601119,2017-03-29,LAC,WAS,29.97,3,6,2,LAC,LAC,fg_make,108,False,False,Jordan  Cutting Dunk Shot (16 PTS) (Redick 1 AST),,98-81,98,81
0021601119,2017-03-29,LAC,WAS,29.97,3,6,2,LAC,WAS,foul,2,False,False,,Mark Morris S.FOUL (P4.T2) (J.Capers),98-81,98,81
0021601119,2017-03-29,LAC,WAS,29.97,3,6,2,LAC,LAC,ft_miss,10,False,False,MISS Jordan Free Throw 1 of 1,,98-81,98,81
0021601119,2017-03-29,LAC,WAS,30.0,3,6,0,WAS,WAS,reb,0,False,False,,Mahinmi REBOUND (Off:1 Def:2),98-81,98,81
0021601119,2017-03-29,LAC,WAS,30.18,3,5,49,WAS,WAS,tov,1,False,True,,Wall Bad Pass Turnover (P5.T9),98-81,98,81
0021601119,2017-03-29,LAC,WAS,30.18,3,5,49,WAS,LAC,steal,1,False,True,steal,steal,98-81,98,81
0021601119,2017-03-29,LAC,WAS,30.28,3,5,43,LAC,LAC,fg_make,76,False,False,Griffin 2' Running Finger Roll Layup (18 PTS) (Paul 11 AST),,100-81,100,81
0021601119,2017-03-29,LAC,WAS,30.32,3,5,41,WAS,WAS,timeout,1,False,False,,Wizards Timeout: Regular (Reg.4 Short 2),100-81,100,81
0021601119,2017-03-29,LAC,WAS,30.62,3,5,23,WAS,WAS,fg3_make,1,False,False,,Beal 28' 3PT Jump Shot (16 PTS) (Wall 6 AST),100-84,100,84
0021601119,2017-03-29,LAC,WAS,31.03,3,4,58,,LAC,jump_ball,0,False,False,Jump Ball Griffin vs. Mahinmi: Tip to Paul,,100-84,100,84
0021601119,2017-03-29,LAC,WAS,31.05,3,4,57,LAC,WAS,foul,11,False,False,,Mahinmi T.FOUL (P3.T2) (J.Capers),100-84,100,84
0021601119,2017-03-29,LAC,WAS,31.05,3,4,57,LAC,LAC,ft_make,16,False,False,Redick Free Throw Technical (28 PTS),,101-84,101,84
0021601119,2017-03-29,LAC,WAS,31.05,3,4,57,LAC,,foul,16,False,False,,,101-84,101,84
0021601119,2017-03-29,LAC,WAS,31.18,3,4,49,LAC,LAC,fg3_miss,1,False,False,MISS Paul 25' 3PT Jump Shot,,101-84,101,84
0021601119,2017-03-29,LAC,WAS,31.18,3,4,49,WAS,WAS,reb,0,False,False,,Wizards Rebound,101-84,101,84
0021601119,2017-03-29,LAC,WAS,31.5,3,4,30,WAS,WAS,fg_make,63,False,False,,Mark Morris 9' Fadeaway Jumper (14 PTS),101-86,101,86
0021601119,2017-03-29,LAC,WAS,31.5,3,4,30,LAC,LAC,timeout,1,False,False,CLIPPERS Timeout: Regular (Full 3 Short 0),,101-86,101,86
0021601119,2017-03-29,LAC,WAS,31.68,3,4,19,LAC,LAC,fg_miss,1,False,False,MISS Redick 15' Jump Shot,,101-86,101,86
0021601119,2017-03-29,LAC,WAS,31.72,3,4,17,WAS,WAS,reb,0,False,False,,Mark Morris REBOUND (Off:0 Def:4),101-86,101,86
0021601119,2017-03-29,LAC,WAS,31.97,3,4,2,WAS,WAS,tov,2,False,True,,Mark Morris Lost Ball Turnover (P1.T10),101-86,101,86
0021601119,2017-03-29,LAC,WAS,31.97,3,4,2,WAS,LAC,steal,2,False,True,steal,steal,101-86,101,86
0021601119,2017-03-29,LAC,WAS,32.27,3,3,44,LAC,WAS,foul,2,False,False,,Wall S.FOUL (P3.T3) (J.Capers),101-86,101,86
0021601119,2017-03-29,LAC,WAS,32.27,3,3,44,LAC,WAS,foul,11,False,False,,Mark Morris T.FOUL (P4.T3) (M.Ervin),101-86,101,86
0021601119,2017-03-29,LAC,WAS,32.27,3,3,44,LAC,WAS,ejection,1,False,False,,Mark Morris Ejection:Second Technical,101-86,101,86
0021601119,2017-03-29,LAC,WAS,32.27,3,3,44,LAC,LAC,ft_make,16,False,False,Redick Free Throw Technical (29 PTS),,102-86,102,86
0021601119,2017-03-29,LAC,WAS,32.27,3,3,44,LAC,LAC,ft_miss,11,False,False,MISS Jordan Free Throw 1 of 2,,102-86,102,86
0021601119,2017-03-29,LAC,WAS,32.27,3,3,44,LAC,LAC,reb,1,False,False,CLIPPERS Rebound,,102-86,102,86
0021601119,2017-03-29,LAC,WAS,32.27,3,3,44,LAC,LAC,ft_make,12,False,False,Jordan Free Throw 2 of 2 (17 PTS),,103-86,103,86
0021601119,2017-03-29,LAC,WAS,32.52,3,3,29,WAS,WAS,fg_make,42,False,False,,Wall 3' Driving Layup (28 PTS),103-88,103,88
0021601119,2017-03-29,LAC,WAS,32.77,3,3,14,WAS,LAC,foul,4,False,False,Jordan OFF.Foul (P2) (M.Ervin),,103-88,103,88
0021601119,2017-03-29,LAC,WAS,32.77,3,3,14,LAC,LAC,tov,5,False,False,Jordan Foul Turnover (P1.T5),,103-88,103,88
0021601119,2017-03-29,LAC,WAS,32.95,3,3,3,WAS,WAS,fg3_miss,1,False,False,,MISS Smith 26' 3PT Jump Shot,103-88,103,88
0021601119,2017-03-29,LAC,WAS,32.97,3,3,2,LAC,LAC,reb,0,False,False,Paul REBOUND (Off:1 Def:1),,103-88,103,88
0021601119,2017-03-29,LAC,WAS,33.2,3,2,48,LAC,LAC,fg_miss,1,False,False,MISS Paul 15' Jump Shot,,103-88,103,88
0021601119,2017-03-29,LAC,WAS,33.22,3,2,47,WAS,WAS,reb,0,False,False,,Wall REBOUND (Off:1 Def:3),103-88,103,88
0021601119,2017-03-29,LAC,WAS,33.38,3,2,37,WAS,WAS,fg_make,73,False,False,,Beal 2' Driving Reverse Layup (18 PTS),103-90,103,90
0021601119,2017-03-29,LAC,WAS,33.63,3,2,22,LAC,LAC,tov,1,False,True,Paul Bad Pass Turnover (P1.T6),,103-90,103,90
0021601119,2017-03-29,LAC,WAS,33.63,3,2,22,LAC,WAS,steal,1,False,True,steal,steal,103-90,103,90
0021601119,2017-03-29,LAC,WAS,33.7,3,2,18,LAC,WAS,foul,26,False,False,,Wall Offensive Charge Foul (P4.T4) (G.Zielinski),103-90,103,90
0021601119,2017-03-29,LAC,WAS,33.7,3,2,18,WAS,WAS,tov,5,False,False,,Wall Foul Turnover (P6.T11),103-90,103,90
0021601119,2017-03-29,LAC,WAS,33.95,3,2,3,LAC,LAC,fg_make,5,False,False,Griffin 2' Layup (20 PTS),,105-90,105,90
0021601119,2017-03-29,LAC,WAS,34.18,3,1,49,WAS,WAS,fg_miss,78,False,False,,MISS Beal 6' Floating Jump Shot,105-90,105,90
0021601119,2017-03-29,LAC,WAS,34.22,3,1,47,WAS,WAS,fg_make,97,False,False,,Mahinmi 3' Tip Layup Shot (4 PTS),105-92,105,92
0021601119,2017-03-29,LAC,WAS,34.22,3,1,47,WAS,WAS,reb,0,False,False,,Mahinmi REBOUND (Off:2 Def:2),105-90,105,90
0021601119,2017-03-29,LAC,WAS,34.47,3,1,32,LAC,LAC,tov,1,False,True,Speights Bad Pass Turnover (P1.T7),,105-92,105,92
0021601119,2017-03-29,LAC,WAS,34.47,3,1,32,LAC,WAS,steal,1,False,True,steal,steal,105-92,105,92
0021601119,2017-03-29,LAC,WAS,34.52,3,1,29,WAS,WAS,fg_make,50,False,False,,Wall  Running Dunk (30 PTS),105-94,105,94
0021601119,2017-03-29,LAC,WAS,34.85,3,1,9,LAC,LAC,fg3_miss,1,False,False,MISS Speights 26' 3PT Jump Shot,,105-94,105,94
0021601119,2017-03-29,LAC,WAS,34.87,3,1,8,WAS,WAS,reb,0,False,False,,Smith REBOUND (Off:0 Def:6),105-94,105,94
0021601119,2017-03-29,LAC,WAS,35.03,3,0,58,WAS,WAS,fg3_miss,1,False,False,,MISS Smith 28' 3PT Jump Shot,105-94,105,94
0021601119,2017-03-29,LAC,WAS,35.05,3,0,57,WAS,WAS,reb,0,False,False,,Mahinmi REBOUND (Off:3 Def:2),105-94,105,94
0021601119,2017-03-29,LAC,WAS,35.05,3,0,57,WAS,LAC,foul,2,False,False,Speights S.FOUL (P4.PN) (M.Ervin),,105-94,105,94
0021601119,2017-03-29,LAC,WAS,35.05,3,0,57,WAS,WAS,ft_miss,11,False,False,,MISS Mahinmi Free Throw 1 of 2,105-94,105,94
0021601119,2017-03-29,LAC,WAS,35.05,3,0,57,WAS,WAS,reb,1,False,False,,Wizards Rebound,105-94,105,94
0021601119,2017-03-29,LAC,WAS,35.05,3,0,57,WAS,WAS,ft_miss,12,False,False,,MISS Mahinmi Free Throw 2 of 2,105-94,105,94
0021601119,2017-03-29,LAC,WAS,35.1,3,0,54,WAS,WAS,reb,0,False,False,,Smith REBOUND (Off:1 Def:6),105-94,105,94
0021601119,2017-03-29,LAC,WAS,35.17,3,0,50,WAS,WAS,fg3_make,1,False,False,,Smith 25' 3PT Jump Shot (14 PTS) (Beal 4 AST),105-97,105,97
0021601119,2017-03-29,LAC,WAS,35.37,3,0,38,LAC,WAS,foul,1,False,False,,Smith P.FOUL (P3.PN) (M.Ervin),105-97,105,97
0021601119,2017-03-29,LAC,WAS,35.48,3,0,31,LAC,LAC,fg3_make,1,False,False,Paul 25' 3PT Jump Shot (21 PTS),,108-97,108,97
0021601119,2017-03-29,LAC,WAS,35.75,3,0,15,WAS,LAC,foul,2,False,False,Felton S.FOUL (P1.PN) (M.Ervin),,108-97,108,97
0021601119,2017-03-29,LAC,WAS,35.75,3,0,15,WAS,WAS,ft_make,11,False,False,,Wall Free Throw 1 of 2 (31 PTS),108-98,108,98
0021601119,2017-03-29,LAC,WAS,35.75,3,0,15,WAS,WAS,ft_miss,12,False,False,,MISS Wall Free Throw 2 of 2,108-98,108,98
0021601119,2017-03-29,LAC,WAS,35.78,3,0,13,LAC,LAC,reb,0,False,False,Griffin REBOUND (Off:0 Def:6),,108-98,108,98
0021601119,2017-03-29,LAC,WAS,36.0,3,0,0,LAC,LAC,fg_make,101,False,False,Paul 9' Driving Floating Jump Shot (23 PTS),,110-98,110,98
0021601119,2017-03-29,LAC,WAS,36.0,3,0,0,LAC,,period_end,0,False,False,,,110-98,110,98
0021601119,2017-03-29,LAC,WAS,36.0,4,12,0,LAC,,period_start,0,False,False,,,110-98,110,98
0021601119,2017-03-29,LAC,WAS,36.42,4,11,35,WAS,WAS,fg_miss,78,False,False,,MISS Beal 11' Floating Jump Shot,110-98,110,98
0021601119,2017-03-29,LAC,WAS,36.47,4,11,32,WAS,WAS,reb,0,False,False,,Mahinmi REBOUND (Off:4 Def:2),110-98,110,98
0021601119,2017-03-29,LAC,WAS,36.48,4,11,31,WAS,LAC,foul,2,False,False,Anderson S.FOUL (P1.T1) (J.Capers),,110-98,110,98
0021601119,2017-03-29,LAC,WAS,36.48,4,11,31,WAS,WAS,ft_make,11,False,False,,Beal Free Throw 1 of 2 (19 PTS),110-99,110,99
0021601119,2017-03-29,LAC,WAS,36.48,4,11,31,WAS,WAS,ft_make,12,False,False,,Beal Free Throw 2 of 2 (20 PTS),110-100,110,100
0021601119,2017-03-29,LAC,WAS,36.85,4,11,9,LAC,LAC,fg3_miss,1,False,False,MISS Speights 27' 3PT Jump Shot,,110-100,110,100
0021601119,2017-03-29,LAC,WAS,36.87,4,11,8,WAS,WAS,reb,0,False,False,,Jennings REBOUND (Off:0 Def:1),110-100,110,100
0021601119,2017-03-29,LAC,WAS,36.95,4,11,3,WAS,WAS,fg_miss,41,True,False,,MISS Mahinmi 2' Running Layup,110-100,110,100
0021601119,2017-03-29,LAC,WAS,36.95,4,11,3,WAS,LAC,block,41,True,False,block,block,110-100,110,100
0021601119,2017-03-29,LAC,WAS,37.0,4,11,0,LAC,LAC,reb,0,False,False,Pierce REBOUND (Off:0 Def:2),,110-100,110,100
0021601119,2017-03-29,LAC,WAS,37.15,4,10,51,LAC,LAC,fg_miss,3,False,False,MISS Crawford 5' Hook Shot,,110-100,110,100
0021601119,2017-03-29,LAC,WAS,37.18,4,10,49,WAS,WAS,reb,0,False,False,,Mahinmi REBOUND (Off:4 Def:3),110-100,110,100
0021601119,2017-03-29,LAC,WAS,37.37,4,10,38,WAS,WAS,fg_miss,1,True,False,,MISS Beal 6' Jump Shot,110-100,110,100
0021601119,2017-03-29,LAC,WAS,37.37,4,10,38,WAS,LAC,block,1,True,False,block,block,110-100,110,100
0021601119,2017-03-29,LAC,WAS,37.38,4,10,37,LAC,LAC,reb,0,False,False,Pierce REBOUND (Off:0 Def:3),,110-100,110,100
0021601119,2017-03-29,LAC,WAS,37.48,4,10,31,LAC,LAC,fg_make,103,False,False,Crawford 20' Running Pull-Up Jump Shot (11 PTS),,112-100,112,100
0021601119,2017-03-29,LAC,WAS,37.67,4,10,20,WAS,WAS,fg_make,5,False,False,,Oubre Jr. 2' Layup (6 PTS),112-102,112,102
0021601119,2017-03-29,LAC,WAS,37.67,4,10,20,WAS,LAC,foul,2,False,False,Pierce S.FOUL (P2.T2) (G.Zielinski),,112-102,112,102
0021601119,2017-03-29,LAC,WAS,37.67,4,10,20,WAS,WAS,ft_miss,10,False,False,,MISS Oubre Jr. Free Throw 1 of 1,112-102,112,102
0021601119,2017-03-29,LAC,WAS,37.75,4,10,15,LAC,LAC,reb,0,False,False,Jordan REBOUND (Off:3 Def:8),,112-102,112,102
0021601119,2017-03-29,LAC,WAS,37.93,4,10,4,LAC,LAC,fg_make,7,False,False,Jordan  Dunk (19 PTS) (Crawford 3 AST),,114-102,114,102
0021601119,2017-03-29,LAC,WAS,38.23,4,9,46,WAS,WAS,fg_miss,79,False,False,,MISS Jennings 13' Pullup Jump Shot,114-102,114,102
0021601119,2017-03-29,LAC,WAS,38.27,4,9,44,LAC,LAC,reb,0,False,False,Jordan REBOUND (Off:3 Def:9),,114-102,114,102
0021601119,2017-03-29,LAC,WAS,38.42,4,9,35,LAC,WAS,foul,1,False,False,,Jennings P.FOUL (P2.T1) (J.Capers),114-102,114,102
0021601119,2017-03-29,LAC,WAS,38.55,4,9,27,LAC,LAC,tov,2,False,True,Crawford Lost Ball Turnover (P2.T8),,114-102,114,102
0021601119,2017-03-29,LAC,WAS,38.55,4,9,27,LAC,WAS,steal,2,False,True,steal,steal,114-102,114,102
0021601119,2017-03-29,LAC,WAS,38.6,4,9,24,WAS,LAC,foul,2,False,False,Anderson S.FOUL (P2.T3) (J.Capers),,114-102,114,102
0021601119,2017-03-29,LAC,WAS,38.6,4,9,24,WAS,WAS,ft_make,11,False,False,,Oubre Jr. Free Throw 1 of 2 (7 PTS),114-103,114,103
0021601119,2017-03-29,LAC,WAS,38.6,4,9,24,WAS,WAS,ft_make,12,False,False,,Oubre Jr. Free Throw 2 of 2 (8 PTS),114-104,114,104
0021601119,2017-03-29,LAC,WAS,38.85,4,9,9,LAC,LAC,fg_miss,42,False,False,MISS Felton 2' Driving Layup,,114-104,114,104
0021601119,2017-03-29,LAC,WAS,38.9,4,9,6,WAS,WAS,reb,0,False,False,,Oubre Jr. REBOUND (Off:2 Def:2),114-104,114,104
0021601119,2017-03-29,LAC,WAS,38.93,4,9,4,WAS,WAS,fg_make,42,False,False,,Wall 2' Driving Layup (33 PTS) (Jennings 4 AST),114-106,114,106
0021601119,2017-03-29,LAC,WAS,39.2,4,8,48,LAC,LAC,fg3_miss,1,False,False,MISS Crawford 26' 3PT Jump Shot,,114-106,114,106
0021601119,2017-03-29,LAC,WAS,39.22,4,8,47,WAS,WAS,reb,0,False,False,,Oubre Jr. REBOUND (Off:2 Def:3),114-106,114,106
0021601119,2017-03-29,LAC,WAS,39.42,4,8,35,WAS,WAS,fg_make,79,False,False,,Wall 19' Pullup Jump Shot (35 PTS),114-108,114,108
0021601119,2017-03-29,LAC,WAS,39.42,4,8,35,LAC,LAC,timeout,1,False,False,CLIPPERS Timeout: Regular (Full 4 Short 0),,114-108,114,108
0021601119,2017-03-29,LAC,WAS,39.75,4,8,15,LAC,LAC,fg3_miss,1,False,False,MISS Griffin 27' 3PT Jump Shot,,114-108,114,108
0021601119,2017-03-29,LAC,WAS,39.77,4,8,14,WAS,WAS,reb,0,False,False,,Jennings REBOUND (Off:0 Def:2),114-108,114,108
0021601119,2017-03-29,LAC,WAS,40.07,4,7,56,WAS,WAS,fg3_miss,1,False,False,,MISS Bogdanovic 26' 3PT Jump Shot,114-108,114,108
0021601119,2017-03-29,LAC,WAS,40.08,4,7,55,LAC,LAC,reb,0,False,False,Jordan REBOUND (Off:3 Def:10),,114-108,114,108
0021601119,2017-03-29,LAC,WAS,40.15,4,7,51,LAC,WAS,foul,1,False,False,,Wall P.FOUL (P5.T2) (J.Capers),114-108,114,108
0021601119,2017-03-29,LAC,WAS,40.27,4,7,44,LAC,LAC,fg_make,63,False,False,Paul 14' Fadeaway Jumper (25 PTS) (Griffin 9 AST),,116-108,116,108
0021601119,2017-03-29,LAC,WAS,40.62,4,7,23,WAS,WAS,fg_miss,5,False,False,,MISS Wall 2' Layup,116-108,116,108
0021601119,2017-03-29,LAC,WAS,40.63,4,7,22,LAC,LAC,reb,0,False,False,Griffin REBOUND (Off:0 Def:7),,116-108,116,108
0021601119,2017-03-29,LAC,WAS,40.77,4,7,14,LAC,LAC,fg3_miss,1,False,False,MISS Paul 25' 3PT Jump Shot,,116-108,116,108
0021601119,2017-03-29,LAC,WAS,40.78,4,7,13,LAC,LAC,reb,0,False,False,Jordan REBOUND (Off:4 Def:10),,116-108,116,108
0021601119,2017-03-29,LAC,WAS,40.82,4,7,11,LAC,LAC,tov,1,False,True,Jordan Bad Pass Turnover (P2.T9),,116-108,116,108
0021601119,2017-03-29,LAC,WAS,40.82,4,7,11,LAC,WAS,steal,1,False,True,steal,steal,116-108,116,108
0021601119,2017-03-29,LAC,WAS,40.92,4,7,5,WAS,WAS,fg3_miss,79,False,False,,MISS Oubre Jr. 27' 3PT Pullup Jump Shot,116-108,116,108
0021601119,2017-03-29,LAC,WAS,40.95,4,7,3,WAS,WAS,reb,0,False,False,,Wall REBOUND (Off:2 Def:3),116-108,116,108
0021601119,2017-03-29,LAC,WAS,40.98,4,7,1,WAS,WAS,fg3_miss,1,False,False,,MISS Wall 24' 3PT Jump Shot,116-108,116,108
0021601119,2017-03-29,LAC,WAS,41.05,4,6,57,LAC,LAC,reb,0,False,False,Jordan REBOUND (Off:4 Def:11),,116-108,116,108
0021601119,2017-03-29,LAC,WAS,41.05,4,6,57,LAC,WAS,foul,1,False,False,,Oubre Jr. P.FOUL (P3.T3) (G.Zielinski),116-108,116,108
0021601119,2017-03-29,LAC,WAS,41.37,4,6,38,LAC,LAC,fg3_make,1,False,False,Crawford 25' 3PT Jump Shot (14 PTS) (Paul 12 AST),,119-108,119,108
0021601119,2017-03-29,LAC,WAS,41.37,4,6,38,WAS,WAS,timeout,1,False,False,,Wizards Timeout: Regular (Reg.5 Short 2),119-108,119,108
0021601119,2017-03-29,LAC,WAS,41.6,4,6,24,WAS,WAS,fg_make,49,False,False,,Wall  Driving Dunk (37 PTS),119-110,119,110
0021601119,2017-03-29,LAC,WAS,41.97,4,6,2,LAC,LAC,fg_miss,79,False,False,MISS Crawford 12' Pullup Jump Shot,,119-110,119,110
0021601119,2017-03-29,LAC,WAS,42.0,4,6,0,LAC,LAC,fg_make,107,False,False,Jordan  Tip Dunk Shot (21 PTS),,121-110,121,110
0021601119,2017-03-29,LAC,WAS,42.0,4,6,0,LAC,LAC,reb,0,False,False,Jordan REBOUND (Off:5 Def:11),,119-110,119,110
0021601119,2017-03-29,LAC,WAS,42.27,4,5,44,WAS,WAS,fg_make,79,False,False,,Beal 11' Pullup Jump Shot (22 PTS) (Wall 7 AST),121-112,121,112
0021601119,2017-03-29,LAC,WAS,42.63,4,5,22,LAC,WAS,foul,1,False,False,,Beal P.FOUL (P4.T4) (J.Capers),121-112,121,112
0021601119,2017-03-29,LAC,WAS,42.75,4,5,15,LAC,LAC,fg_miss,3,False,False,MISS Griffin 7' Hook Shot,,121-112,121,112
0021601119,2017-03-29,LAC,WAS,42.78,4,5,13,WAS,WAS,reb,0,False,False,,Wall REBOUND (Off:2 Def:4),121-112,121,112
0021601119,2017-03-29,LAC,WAS,42.87,4,5,8,WAS,WAS,fg3_miss,103,False,False,,MISS Beal 27' 3PT Running Pull-Up Jump Shot,121-112,121,112
0021601119,2017-03-29,LAC,WAS,42.9,4,5,6,LAC,LAC,reb,0,False,False,CLIPPERS Rebound,,121-112,121,112
0021601119,2017-03-29,LAC,WAS,43.22,4,4,47,LAC,LAC,fg_miss,63,False,False,MISS Paul 19' Fadeaway Jumper,,121-112,121,112
0021601119,2017-03-29,LAC,WAS,43.25,4,4,45,WAS,WAS,reb,0,False,False,,Oubre Jr. REBOUND (Off:2 Def:4),121-112,121,112
0021601119,2017-03-29,LAC,WAS,43.35,4,4,39,WAS,WAS,fg_make,74,False,False,,Wall 2' Running Reverse Layup (39 PTS),121-114,121,114
0021601119,2017-03-29,LAC,WAS,43.65,4,4,21,LAC,LAC,fg3_miss,1,False,False,MISS Redick 25' 3PT Jump Shot,,121-114,121,114
0021601119,2017-03-29,LAC,WAS,43.67,4,4,20,WAS,WAS,reb,0,False,False,,Wall REBOUND (Off:2 Def:5),121-114,121,114
0021601119,2017-03-29,LAC,WAS,43.75,4,4,15,WAS,WAS,fg3_miss,103,False,False,,MISS Bogdanovic 27' 3PT Running Pull-Up Jump Shot,121-114,121,114
0021601119,2017-03-29,LAC,WAS,43.78,4,4,13,LAC,LAC,reb,0,False,False,Jordan REBOUND (Off:5 Def:12),,121-114,121,114
0021601119,2017-03-29,LAC,WAS,43.97,4,4,2,LAC,WAS,foul,2,False,False,,Bogdanovic S.FOUL (P1.PN) (M.Ervin),121-114,121,114
0021601119,2017-03-29,LAC,WAS,43.97,4,4,2,LAC,LAC,ft_make,11,False,False,Griffin Free Throw 1 of 2 (21 PTS),,122-114,122,114
0021601119,2017-03-29,LAC,WAS,43.97,4,4,2,LAC,LAC,ft_make,12,False,False,Griffin Free Throw 2 of 2 (22 PTS),,123-114,123,114
0021601119,2017-03-29,LAC,WAS,44.23,4,3,46,WAS,WAS,fg3_miss,1,False,False,,MISS Wall 26' 3PT Jump Shot,123-114,123,114
0021601119,2017-03-29,LAC,WAS,44.25,4,3,45,LAC,LAC,reb,0,False,False,Paul REBOUND (Off:1 Def:2),,123-114,123,114
0021601119,2017-03-29,LAC,WAS,44.37,4,3,38,LAC,WAS,foul,2,False,False,,Mahinmi S.FOUL (P4.PN) (G.Zielinski),123-114,123,114
0021601119,2017-03-29,LAC,WAS,44.37,4,3,38,LAC,LAC,ft_miss,11,False,False,MISS Jordan Free Throw 1 of 2,,123-114,123,114
0021601119,2017-03-29,LAC,WAS,44.37,4,3,38,LAC,LAC,reb,1,False,False,CLIPPERS Rebound,,123-114,123,114
0021601119,2017-03-29,LAC,WAS,44.37,4,3,38,LAC,LAC,ft_make,12,False,False,Jordan Free Throw 2 of 2 (22 PTS),,124-114,124,114
0021601119,2017-03-29,LAC,WAS,44.55,4,3,27,WAS,WAS,fg_miss,44,False,False,,MISS Beal 2' Reverse Layup,124-114,124,114
0021601119,2017-03-29,LAC,WAS,44.55,4,3,27,WAS,WAS,reb,0,False,False,,Wizards Rebound,124-114,124,114
0021601119,2017-03-29,LAC,WAS,44.72,4,3,17,WAS,WAS,fg_miss,79,False,False,,MISS Wall 11' Pullup Jump Shot,124-114,124,114
0021601119,2017-03-29,LAC,WAS,44.75,4,3,15,LAC,LAC,reb,0,False,False,Griffin REBOUND (Off:0 Def:8),,124-114,124,114
0021601119,2017-03-29,LAC,WAS,44.78,4,3,13,LAC,WAS,foul,1,False,False,,Oubre Jr. P.FOUL (P4.PN) (M.Ervin),124-114,124,114
0021601119,2017-03-29,LAC,WAS,44.78,4,3,13,LAC,LAC,ft_make,11,False,False,Paul Free Throw 1 of 2 (26 PTS),,125-114,125,114
0021601119,2017-03-29,LAC,WAS,44.78,4,3,13,LAC,LAC,ft_make,12,False,False,Paul Free Throw 2 of 2 (27 PTS),,126-114,126,114
0021601119,2017-03-29,LAC,WAS,45.05,4,2,57,WAS,WAS,fg_make,80,False,False,,Beal 13' Step Back Jump Shot (24 PTS) (Wall 8 AST),126-116,126,116
0021601119,2017-03-29,LAC,WAS,45.33,4,2,40,LAC,LAC,tov,2,False,True,Griffin Lost Ball Turnover (P2.T10),,126-116,126,116
0021601119,2017-03-29,LAC,WAS,45.33,4,2,40,LAC,WAS,steal,2,False,True,steal,steal,126-116,126,116
0021601119,2017-03-29,LAC,WAS,45.35,4,2,39,WAS,LAC,foul,2,False,False,Griffin S.FOUL (P3.T4) (M.Ervin),,126-116,126,116
0021601119,2017-03-29,LAC,WAS,45.35,4,2,39,WAS,,timeout,4,False,False,,,126-116,126,116
0021601119,2017-03-29,LAC,WAS,45.35,4,2,39,WAS,WAS,ft_make,11,False,False,,Wall Free Throw 1 of 2 (40 PTS),126-117,126,117
0021601119,2017-03-29,LAC,WAS,45.35,4,2,39,WAS,WAS,ft_make,12,False,False,,Wall Free Throw 2 of 2 (41 PTS),126-118,126,118
0021601119,2017-03-29,LAC,WAS,45.73,4,2,16,LAC,WAS,foul,2,False,False,,Mahinmi S.FOUL (P5.PN) (M.Ervin),126-118,126,118
0021601119,2017-03-29,LAC,WAS,45.73,4,2,16,LAC,LAC,ft_miss,11,False,False,MISS Jordan Free Throw 1 of 2,,126-118,126,118
0021601119,2017-03-29,LAC,WAS,45.73,4,2,16,LAC,LAC,reb,1,False,False,CLIPPERS Rebound,,126-118,126,118
0021601119,2017-03-29,LAC,WAS,45.73,4,2,16,LAC,LAC,ft_make,12,False,False,Jordan Free Throw 2 of 2 (23 PTS),,127-118,127,118
0021601119,2017-03-29,LAC,WAS,45.97,4,2,2,WAS,WAS,fg3_miss,1,False,False,,MISS Beal 26' 3PT Jump Shot,127-118,127,118
0021601119,2017-03-29,LAC,WAS,45.97,4,2,2,WAS,WAS,reb,0,False,False,,Mahinmi REBOUND (Off:5 Def:3),127-118,127,118
0021601119,2017-03-29,LAC,WAS,45.97,4,2,2,WAS,LAC,foul,3,False,False,Jordan L.B.FOUL (P3.PN) (M.Ervin),,127-118,127,118
0021601119,2017-03-29,LAC,WAS,45.97,4,2,2,WAS,WAS,ft_make,11,False,False,,Mahinmi Free Throw 1 of 2 (5 PTS),127-119,127,119
0021601119,2017-03-29,LAC,WAS,45.97,4,2,2,WAS,WAS,ft_miss,12,False,False,,MISS Mahinmi Free Throw 2 of 2,127-119,127,119
0021601119,2017-03-29,LAC,WAS,46.0,4,2,0,LAC,LAC,reb,0,False,False,Griffin REBOUND (Off:0 Def:9),,127-119,127,119
0021601119,2017-03-29,LAC,WAS,46.18,4,1,49,LAC,LAC,fg_miss,1,False,False,MISS Crawford 19' Jump Shot,,127-119,127,119
0021601119,2017-03-29,LAC,WAS,46.22,4,1,47,LAC,LAC,reb,0,False,False,Griffin REBOUND (Off:1 Def:9),,127-119,127,119
0021601119,2017-03-29,LAC,WAS,46.58,4,1,25,LAC,LAC,fg3_miss,1,False,False,MISS Crawford 24' 3PT Jump Shot,,127-119,127,119
0021601119,2017-03-29,LAC,WAS,46.6,4,1,24,WAS,WAS,reb,0,False,False,,Smith REBOUND (Off:1 Def:7),127-119,127,119
0021601119,2017-03-29,LAC,WAS,46.83,4,1,10,WAS,LAC,foul,2,False,False,Jordan S.FOUL (P4.PN) (J.Capers),,127-119,127,119
0021601119,2017-03-29,LAC,WAS,46.83,4,1,10,WAS,WAS,ft_make,11,False,False,,Oubre Jr. Free Throw 1 of 2 (9 PTS),127-120,127,120
0021601119,2017-03-29,LAC,WAS,46.83,4,1,10,WAS,WAS,ft_make,12,False,False,,Oubre Jr. Free Throw 2 of 2 (10 PTS),127-121,127,121
0021601119,2017-03-29,LAC,WAS,46.83,4,1,10,LAC,LAC,timeout,1,False,False,CLIPPERS Timeout: Regular (Full 5 Short 0),,127-121,127,121
0021601119,2017-03-29,LAC,WAS,47.17,4,0,50,LAC,LAC,fg_make,79,False,False,Griffin 18' Pullup Jump Shot (24 PTS) (Paul 13 AST),,129-121,129,121
0021601119,2017-03-29,LAC,WAS,47.5,4,0,30,WAS,WAS,fg3_make,1,False,False,,Beal 26' 3PT Jump Shot (27 PTS) (Mahinmi 1 AST),129-124,129,124
0021601119,2017-03-29,LAC,WAS,47.7,4,0,18,LAC,WAS,foul,2,False,False,,Mahinmi S.FOUL (P6.PN) (J.Capers),129-124,129,124
0021601119,2017-03-29,LAC,WAS,47.7,4,0,18,LAC,LAC,ft_make,11,False,False,Griffin Free Throw 1 of 2 (25 PTS),,130-124,130,124
0021601119,2017-03-29,LAC,WAS,47.7,4,0,18,LAC,LAC,ft_make,12,False,False,Griffin Free Throw 2 of 2 (26 PTS),,131-124,131,124
0021601119,2017-03-29,LAC,WAS,47.7,4,0,18,WAS,WAS,timeout,1,False,False,,Wizards Timeout: Regular (Reg.6 Short 2),131-124,131,124
0021601119,2017-03-29,LAC,WAS,47.83,4,0,10,WAS,WAS,fg_miss,44,False,False,,MISS Smith 3' Reverse Layup,131-124,131,124
0021601119,2017-03-29,LAC,WAS,47.85,4,0,9,LAC,LAC,reb,0,False,False,Jordan REBOUND (Off:5 Def:13),,131-124,131,124
0021601119,2017-03-29,LAC,WAS,47.85,4,0,9,LAC,WAS,foul,28,False,False,,Oubre Jr. Personal Take Foul (P5.PN) (M.Ervin),131-124,131,124
0021601119,2017-03-29,LAC,WAS,47.85,4,0,9,LAC,LAC,ft_make,11,False,False,Redick Free Throw 1 of 2 (30 PTS),,132-124,132,124
0021601119,2017-03-29,LAC,WAS,47.85,4,0,9,LAC,LAC,ft_make,12,False,False,Redick Free Throw 2 of 2 (31 PTS),,133-124,133,124
0021601119,2017-03-29,LAC,WAS,47.98,4,0,1,WAS,WAS,fg3_miss,1,False,False,,MISS Beal 26' 3PT Jump Shot,133-124,133,124
0021601119,2017-03-29,LAC,WAS,48.0,4,0,0,WAS,,period_end,0,False,False,,,133-124,133,124
0021601119,2017-03-29,LAC,WAS,48.0,4,0,0,WAS,WAS,reb,0,False,False,,Wizards Rebound,133-124,133,124
