game_id,date,home,vis,time,period,mins,secs,pos,team,event,event_deets,block,steal,home_desc,vis_desc,score,home_score,vis_score
0021200404,2012-12-23,SAC,POR,0.0,1,12,0,,,period_start,0,False,False,,,0-0,0,0
0021200404,2012-12-23,SAC,POR,0.0,1,12,0,,SAC,jump_ball,0,False,False,Jump Ball Thompson vs. Hickson: Tip to Thornton,,0-0,0,0
0021200404,2012-12-23,SAC,POR,0.27,1,11,44,SAC,SAC,fg_miss,1,False,False,MISS Brooks 14' Jump Shot,,0-0,0,0
0021200404,2012-12-23,SAC,POR,0.28,1,11,43,POR,POR,reb,0,False,False,,Aldridge REBOUND (Off:0 Def:1),0-0,0,0
0021200404,2012-12-23,SAC,POR,0.52,1,11,29,POR,POR,tov,2,False,True,,Claver Lost Ball Turnover (P1.T1),0-0,0,0
0021200404,2012-12-23,SAC,POR,0.52,1,11,29,POR,SAC,steal,2,False,True,steal,steal,0-0,0,0
0021200404,2012-12-23,SAC,POR,0.7,1,11,18,SAC,SAC,tov,1,False,True,Salmons Bad Pass Turnover (P1.T1),,0-0,0,0
0021200404,2012-12-23,SAC,POR,0.7,1,11,18,SAC,POR,steal,1,False,True,steal,steal,0-0,0,0
0021200404,2012-12-23,SAC,POR,0.78,1,11,13,POR,POR,tov,2,False,True,,Lillard Lost Ball Turnover (P1.T2),0-0,0,0
0021200404,2012-12-23,SAC,POR,0.78,1,11,13,POR,SAC,steal,2,False,True,steal,steal,0-0,0,0
0021200404,2012-12-23,SAC,POR,0.87,1,11,8,SAC,SAC,fg_miss,1,True,False,MISS Salmons 5' Jump Shot,,0-0,0,0
0021200404,2012-12-23,SAC,POR,0.87,1,11,8,SAC,POR,block,1,True,False,block,block,0-0,0,0
0021200404,2012-12-23,SAC,POR,0.88,1,11,7,SAC,SAC,reb,0,False,False,Johnson REBOUND (Off:1 Def:0),,0-0,0,0
0021200404,2012-12-23,SAC,POR,0.95,1,11,3,SAC,SAC,fg_make,95,False,False,Johnson 5' Running Bank Hook Shot (2 PTS),,2-0,2,0
0021200404,2012-12-23,SAC,POR,1.2,1,10,48,POR,SAC,foul,1,False,False,Thornton P.FOUL (P1.T1),,2-0,2,0
0021200404,2012-12-23,SAC,POR,1.37,1,10,38,POR,POR,fg3_make,1,False,False,,Batum  3PT Jump Shot (3 PTS) (Aldridge 1 AST),2-3,2,3
0021200404,2012-12-23,SAC,POR,1.73,1,10,16,SAC,SAC,fg_miss,1,True,False,MISS Johnson 3' Jump Shot,,2-3,2,3
0021200404,2012-12-23,SAC,POR,1.73,1,10,16,SAC,POR,block,1,True,False,block,block,2-3,2,3
0021200404,2012-12-23,SAC,POR,1.75,1,10,15,SAC,SAC,reb,0,False,False,Salmons REBOUND (Off:1 Def:0),,2-3,2,3
0021200404,2012-12-23,SAC,POR,1.82,1,10,11,SAC,SAC,fg_miss,1,False,False,MISS Salmons 9' Jump Shot,,2-3,2,3
0021200404,2012-12-23,SAC,POR,1.82,1,10,11,POR,POR,reb,0,False,False,,Hickson REBOUND (Off:0 Def:1),2-3,2,3
0021200404,2012-12-23,SAC,POR,1.98,1,10,1,POR,POR,fg3_make,1,False,False,,Lillard 27' 3PT Jump Shot (3 PTS),2-6,2,6
0021200404,2012-12-23,SAC,POR,2.28,1,9,43,SAC,SAC,fg_make,1,False,False,Thornton 21' Jump Shot (2 PTS),,4-6,4,6
0021200404,2012-12-23,SAC,POR,2.63,1,9,22,POR,POR,fg_miss,47,False,False,,MISS Aldridge 15' Turnaround Jump Shot,4-6,4,6
0021200404,2012-12-23,SAC,POR,2.65,1,9,21,POR,POR,fg_miss,4,False,False,,MISS Claver 1' Tip Shot,4-6,4,6
0021200404,2012-12-23,SAC,POR,2.65,1,9,21,POR,POR,reb,0,False,False,,Claver REBOUND (Off:1 Def:0),4-6,4,6
0021200404,2012-12-23,SAC,POR,2.67,1,9,20,SAC,SAC,reb,0,False,False,Thornton REBOUND (Off:0 Def:1),,4-6,4,6
0021200404,2012-12-23,SAC,POR,2.85,1,9,9,SAC,SAC,fg_miss,42,False,False,MISS Thornton 4' Driving Layup,,4-6,4,6
0021200404,2012-12-23,SAC,POR,2.87,1,9,8,POR,POR,reb,0,False,False,,Hickson REBOUND (Off:0 Def:2),4-6,4,6
0021200404,2012-12-23,SAC,POR,3.1,1,8,54,POR,POR,fg_miss,1,False,False,,MISS Batum 17' Jump Shot,4-6,4,6
0021200404,2012-12-23,SAC,POR,3.1,1,8,54,POR,POR,reb,0,False,False,,Hickson REBOUND (Off:1 Def:2),4-6,4,6
0021200404,2012-12-23,SAC,POR,3.1,1,8,54,POR,SAC,foul,2,False,False,Johnson S.FOUL (P1.T2),,4-6,4,6
0021200404,2012-12-23,SAC,POR,3.1,1,8,54,POR,POR,ft_make,11,False,False,,Hickson Free Throw 1 of 2 (1 PTS),4-7,4,7
0021200404,2012-12-23,SAC,POR,3.1,1,8,54,POR,POR,ft_make,12,False,False,,Hickson Free Throw 2 of 2 (2 PTS),4-8,4,8
0021200404,2012-12-23,SAC,POR,3.28,1,8,43,SAC,SAC,fg_make,1,False,False,Thompson 13' Jump Shot (2 PTS) (Salmons 1 AST),,6-8,6,8
0021200404,2012-12-23,SAC,POR,3.48,1,8,31,POR,POR,fg3_miss,1,False,False,,MISS Lillard 24' 3PT Jump Shot,6-8,6,8
0021200404,2012-12-23,SAC,POR,3.48,1,8,31,SAC,SAC,reb,0,False,False,Thompson REBOUND (Off:0 Def:1),,6-8,6,8
0021200404,2012-12-23,SAC,POR,3.62,1,8,23,SAC,SAC,fg_miss,1,False,False,MISS Thompson 21' Jump Shot,,6-8,6,8
0021200404,2012-12-23,SAC,POR,3.63,1,8,22,POR,POR,reb,0,False,False,,Hickson REBOUND (Off:1 Def:3),6-8,6,8
0021200404,2012-12-23,SAC,POR,3.93,1,8,4,POR,POR,fg_make,1,False,False,,Aldridge 15' Jump Shot (2 PTS) (Batum 1 AST),6-10,6,10
0021200404,2012-12-23,SAC,POR,4.25,1,7,45,SAC,SAC,fg_make,56,False,False,Thompson 6' Running Hook Shot (4 PTS),,8-10,8,10
0021200404,2012-12-23,SAC,POR,4.57,1,7,26,POR,POR,fg_make,1,False,False,,Aldridge 19' Jump Shot (4 PTS) (Lillard 1 AST),8-12,8,12
0021200404,2012-12-23,SAC,POR,4.77,1,7,14,SAC,POR,foul,2,False,False,,Aldridge S.FOUL (P1.T1),8-12,8,12
0021200404,2012-12-23,SAC,POR,4.77,1,7,14,SAC,SAC,ft_miss,11,False,False,MISS Thompson Free Throw 1 of 2,,8-12,8,12
0021200404,2012-12-23,SAC,POR,4.77,1,7,14,SAC,SAC,reb,1,False,False,KINGS Rebound,,8-12,8,12
0021200404,2012-12-23,SAC,POR,4.77,1,7,14,SAC,SAC,ft_miss,12,False,False,MISS Thompson Free Throw 2 of 2,,8-12,8,12
0021200404,2012-12-23,SAC,POR,4.8,1,7,12,POR,POR,reb,0,False,False,,Hickson REBOUND (Off:1 Def:4),8-12,8,12
0021200404,2012-12-23,SAC,POR,5.0,1,7,0,POR,POR,tov,1,False,True,,Batum Bad Pass Turnover (P1.T3),8-12,8,12
0021200404,2012-12-23,SAC,POR,5.0,1,7,0,POR,SAC,steal,1,False,True,steal,steal,8-12,8,12
0021200404,2012-12-23,SAC,POR,5.08,1,6,55,SAC,SAC,fg_make,42,False,False,Salmons 3' Driving Layup (2 PTS) (Thompson 1 AST),,10-12,10,12
0021200404,2012-12-23,SAC,POR,5.4,1,6,36,POR,POR,fg3_miss,1,False,False,,MISS Batum 25' 3PT Jump Shot,10-12,10,12
0021200404,2012-12-23,SAC,POR,5.42,1,6,35,SAC,SAC,reb,0,False,False,Thompson REBOUND (Off:0 Def:2),,10-12,10,12
0021200404,2012-12-23,SAC,POR,5.45,1,6,33,SAC,SAC,tov,1,False,True,Thompson Bad Pass Turnover (P1.T2),,10-12,10,12
0021200404,2012-12-23,SAC,POR,5.45,1,6,33,SAC,POR,steal,1,False,True,steal,steal,10-12,10,12
0021200404,2012-12-23,SAC,POR,5.6,1,6,24,POR,POR,fg_miss,1,False,False,,MISS Lillard 17' Jump Shot,10-12,10,12
0021200404,2012-12-23,SAC,POR,5.6,1,6,24,SAC,SAC,reb,0,False,False,Salmons REBOUND (Off:1 Def:1),,10-12,10,12
0021200404,2012-12-23,SAC,POR,5.7,1,6,18,SAC,SAC,tov,1,False,True,Salmons Bad Pass Turnover (P2.T3),,10-12,10,12
0021200404,2012-12-23,SAC,POR,5.7,1,6,18,SAC,POR,steal,1,False,True,steal,steal,10-12,10,12
0021200404,2012-12-23,SAC,POR,5.78,1,6,13,POR,POR,fg_make,52,False,False,,Hickson 2' Alley Oop Dunk (4 PTS) (Lillard 2 AST),10-14,10,14
0021200404,2012-12-23,SAC,POR,5.97,1,6,2,SAC,SAC,timeout,1,False,False,KINGS Timeout: Regular (Full 1 Short 0),,10-14,10,14
0021200404,2012-12-23,SAC,POR,6.02,1,5,59,SAC,POR,foul,1,False,False,,Batum P.FOUL (P1.T2),10-14,10,14
0021200404,2012-12-23,SAC,POR,6.25,1,5,45,SAC,SAC,fg_make,1,False,False,Thompson 17' Jump Shot (6 PTS) (Thornton 1 AST),,12-14,12,14
0021200404,2012-12-23,SAC,POR,6.62,1,5,23,POR,POR,fg_miss,1,False,False,,MISS Aldridge 10' Jump Shot,12-14,12,14
0021200404,2012-12-23,SAC,POR,6.63,1,5,22,SAC,SAC,reb,0,False,False,Salmons REBOUND (Off:1 Def:2),,12-14,12,14
0021200404,2012-12-23,SAC,POR,6.77,1,5,14,SAC,SAC,fg3_miss,1,False,False,MISS Salmons 25' 3PT Jump Shot,,12-14,12,14
0021200404,2012-12-23,SAC,POR,6.78,1,5,13,POR,POR,reb,0,False,False,,Aldridge REBOUND (Off:0 Def:2),12-14,12,14
0021200404,2012-12-23,SAC,POR,6.93,1,5,4,POR,POR,tov,40,False,False,,Claver Out of Bounds Lost Ball Turnover (P2.T4),12-14,12,14
0021200404,2012-12-23,SAC,POR,7.15,1,4,51,SAC,POR,foul,1,False,False,,Barton P.FOUL (P1.T3),12-14,12,14
0021200404,2012-12-23,SAC,POR,7.27,1,4,44,SAC,SAC,fg3_miss,1,False,False,MISS Thornton 24' 3PT Jump Shot,,12-14,12,14
0021200404,2012-12-23,SAC,POR,7.28,1,4,43,POR,POR,reb,0,False,False,,Batum REBOUND (Off:0 Def:1),12-14,12,14
0021200404,2012-12-23,SAC,POR,7.42,1,4,35,POR,POR,fg_make,1,False,False,,Hickson 12' Jump Shot (6 PTS) (Batum 2 AST),12-16,12,16
0021200404,2012-12-23,SAC,POR,7.52,1,4,29,SAC,SAC,fg_make,52,False,False,Johnson 1' Alley Oop Dunk (4 PTS) (Brooks 1 AST),,14-16,14,16
0021200404,2012-12-23,SAC,POR,7.8,1,4,12,POR,POR,tov,13,False,False,,Batum Backcourt Turnover (P2.T5),14-16,14,16
0021200404,2012-12-23,SAC,POR,8.05,1,3,57,SAC,SAC,fg_miss,47,False,False,MISS Thompson 9' Turnaround Jump Shot,,14-16,14,16
0021200404,2012-12-23,SAC,POR,8.07,1,3,56,SAC,SAC,reb,0,False,False,Johnson REBOUND (Off:2 Def:0),,14-16,14,16
0021200404,2012-12-23,SAC,POR,8.18,1,3,49,SAC,SAC,fg_make,44,False,False,Thompson 1' Reverse Layup (8 PTS) (Brooks 2 AST),,16-16,16,16
0021200404,2012-12-23,SAC,POR,8.45,1,3,33,POR,POR,fg_make,1,False,False,,Aldridge 15' Jump Shot (6 PTS),16-18,16,18
0021200404,2012-12-23,SAC,POR,8.67,1,3,20,SAC,SAC,fg_miss,1,False,False,MISS Johnson 19' Jump Shot,,16-18,16,18
0021200404,2012-12-23,SAC,POR,8.67,1,3,20,POR,POR,reb,0,False,False,,Trail Blazers Rebound,16-18,16,18
0021200404,2012-12-23,SAC,POR,8.67,1,3,20,POR,SAC,foul,3,False,False,Thompson L.B.FOUL (P1.T3),,16-18,16,18
0021200404,2012-12-23,SAC,POR,8.87,1,3,8,POR,POR,tov,1,False,True,,Batum Bad Pass Turnover (P3.T6),16-18,16,18
0021200404,2012-12-23,SAC,POR,8.87,1,3,8,POR,SAC,steal,1,False,True,steal,steal,16-18,16,18
0021200404,2012-12-23,SAC,POR,8.92,1,3,5,SAC,SAC,tov,40,False,False,Thornton Out of Bounds Lost Ball Turnover (P1.T4),,16-18,16,18
0021200404,2012-12-23,SAC,POR,9.25,1,2,45,POR,POR,fg_miss,1,True,False,,MISS Barton 9' Jump Shot,16-18,16,18
0021200404,2012-12-23,SAC,POR,9.25,1,2,45,POR,SAC,block,1,True,False,block,block,16-18,16,18
0021200404,2012-12-23,SAC,POR,9.27,1,2,44,SAC,SAC,reb,0,False,False,Thompson REBOUND (Off:0 Def:3),,16-18,16,18
0021200404,2012-12-23,SAC,POR,9.42,1,2,35,SAC,SAC,fg_miss,1,False,False,MISS Thornton 17' Jump Shot,,16-18,16,18
0021200404,2012-12-23,SAC,POR,9.43,1,2,34,POR,POR,reb,0,False,False,,Barton REBOUND (Off:0 Def:1),16-18,16,18
0021200404,2012-12-23,SAC,POR,9.52,1,2,29,POR,POR,fg_miss,1,False,False,,MISS Lillard 19' Jump Shot,16-18,16,18
0021200404,2012-12-23,SAC,POR,9.53,1,2,28,POR,POR,reb,0,False,False,,Trail Blazers Rebound,16-18,16,18
0021200404,2012-12-23,SAC,POR,9.53,1,2,28,POR,POR,timeout,1,False,False,,Trail Blazers Timeout: Regular (Reg.1 Short 0),16-18,16,18
0021200404,2012-12-23,SAC,POR,9.68,1,2,19,POR,SAC,foul,1,False,False,Thompson P.FOUL (P2.T4),,16-18,16,18
0021200404,2012-12-23,SAC,POR,9.82,1,2,11,POR,POR,fg_make,1,False,False,,Batum 21' Jump Shot (5 PTS) (Lillard 3 AST),16-20,16,20
0021200404,2012-12-23,SAC,POR,10.2,1,1,48,SAC,SAC,fg_miss,1,False,False,MISS Thornton 22' Jump Shot,,16-20,16,20
0021200404,2012-12-23,SAC,POR,10.2,1,1,48,POR,POR,reb,0,False,False,,Leonard REBOUND (Off:0 Def:1),16-20,16,20
0021200404,2012-12-23,SAC,POR,10.32,1,1,41,POR,POR,tov,1,False,True,,Lillard Bad Pass Turnover (P2.T7),16-20,16,20
0021200404,2012-12-23,SAC,POR,10.32,1,1,41,POR,SAC,steal,1,False,True,steal,steal,16-20,16,20
0021200404,2012-12-23,SAC,POR,10.42,1,1,35,SAC,SAC,fg_make,5,False,False,Thornton 2' Layup (4 PTS) (Salmons 2 AST),,18-20,18,20
0021200404,2012-12-23,SAC,POR,10.7,1,1,18,POR,POR,fg3_make,1,False,False,,Babbitt 25' 3PT Jump Shot (3 PTS) (Batum 3 AST),18-23,18,23
0021200404,2012-12-23,SAC,POR,11.0,1,1,0,SAC,SAC,fg_miss,1,False,False,MISS Johnson 4' Jump Shot,,18-23,18,23
0021200404,2012-12-23,SAC,POR,11.02,1,0,59,POR,POR,reb,0,False,False,,Barton REBOUND (Off:0 Def:2),18-23,18,23
0021200404,2012-12-23,SAC,POR,11.22,1,0,47,POR,POR,fg_make,1,False,False,,Leonard 19' Jump Shot (2 PTS) (Lillard 4 AST),18-25,18,25
0021200404,2012-12-23,SAC,POR,11.37,1,0,38,SAC,SAC,fg3_make,1,False,False,Brooks 25' 3PT Jump Shot (3 PTS),,21-25,21,25
0021200404,2012-12-23,SAC,POR,11.67,1,0,20,POR,SAC,foul,2,False,False,Johnson S.FOUL (P2.PN),,21-25,21,25
0021200404,2012-12-23,SAC,POR,11.67,1,0,20,POR,POR,ft_make,11,False,False,,Batum Free Throw 1 of 2 (6 PTS),21-26,21,26
0021200404,2012-12-23,SAC,POR,11.67,1,0,20,POR,POR,ft_make,12,False,False,,Batum Free Throw 2 of 2 (7 PTS),21-27,21,27
0021200404,2012-12-23,SAC,POR,11.92,1,0,5,SAC,POR,foul,28,False,False,,Price Personal Take Foul (P1.T4),21-27,21,27
0021200404,2012-12-23,SAC,POR,12.0,1,0,0,SAC,SAC,fg3_miss,1,False,False,MISS Salmons 25' 3PT Jump Shot,,21-27,21,27
0021200404,2012-12-23,SAC,POR,12.0,1,0,0,SAC,,period_end,0,False,False,,,21-27,21,27
0021200404,2012-12-23,SAC,POR,12.0,1,0,0,SAC,SAC,reb,0,False,False,KINGS Rebound,,21-27,21,27
0021200404,2012-12-23,SAC,POR,12.0,2,12,0,SAC,,period_start,0,False,False,,,21-27,21,27
0021200404,2012-12-23,SAC,POR,12.27,2,11,44,POR,POR,fg_make,1,False,False,,Babbitt 15' Jump Shot (5 PTS) (Barton 1 AST),21-29,21,29
0021200404,2012-12-23,SAC,POR,12.57,2,11,26,SAC,SAC,fg3_miss,1,False,False,MISS Fredette  3PT Jump Shot,,21-29,21,29
0021200404,2012-12-23,SAC,POR,12.57,2,11,26,POR,POR,reb,0,False,False,,Babbitt REBOUND (Off:0 Def:1),21-29,21,29
0021200404,2012-12-23,SAC,POR,12.67,2,11,20,POR,POR,fg_make,52,False,False,,Leonard 2' Alley Oop Dunk (4 PTS) (Barton 2 AST),21-31,21,31
0021200404,2012-12-23,SAC,POR,12.98,2,11,1,SAC,POR,foul,1,False,False,,Pavlovic P.FOUL (P1.T1),21-31,21,31
0021200404,2012-12-23,SAC,POR,13.08,2,10,55,SAC,SAC,fg_make,42,False,False,Outlaw 2' Driving Layup (2 PTS) (Thomas 1 AST),,23-31,23,31
0021200404,2012-12-23,SAC,POR,13.08,2,10,55,SAC,POR,foul,2,False,False,,Babbitt S.FOUL (P1.T2),23-31,23,31
0021200404,2012-12-23,SAC,POR,13.08,2,10,55,SAC,SAC,ft_make,10,False,False,Outlaw Free Throw 1 of 1 (3 PTS),,24-31,24,31
0021200404,2012-12-23,SAC,POR,13.42,2,10,35,POR,POR,fg_miss,1,False,False,,MISS Price 16' Jump Shot,24-31,24,31
0021200404,2012-12-23,SAC,POR,13.43,2,10,34,SAC,SAC,reb,0,False,False,Hayes REBOUND (Off:0 Def:1),,24-31,24,31
0021200404,2012-12-23,SAC,POR,13.72,2,10,17,SAC,SAC,fg3_make,1,False,False,Thomas 24' 3PT Jump Shot (3 PTS) (Thornton 2 AST),,27-31,27,31
0021200404,2012-12-23,SAC,POR,14.07,2,9,56,POR,POR,fg3_miss,1,False,False,,MISS Price 26' 3PT Jump Shot,27-31,27,31
0021200404,2012-12-23,SAC,POR,14.08,2,9,55,SAC,SAC,reb,0,False,False,Hayes REBOUND (Off:0 Def:2),,27-31,27,31
0021200404,2012-12-23,SAC,POR,14.23,2,9,46,SAC,SAC,fg_miss,5,False,False,MISS Thornton 2' Layup,,27-31,27,31
0021200404,2012-12-23,SAC,POR,14.25,2,9,45,SAC,SAC,reb,0,False,False,Hayes REBOUND (Off:1 Def:2),,27-31,27,31
0021200404,2012-12-23,SAC,POR,14.27,2,9,44,SAC,POR,violation,5,False,False,,Barton Violation:Kicked Ball,27-31,27,31
0021200404,2012-12-23,SAC,POR,14.37,2,9,38,SAC,SAC,fg_make,1,False,False,Fredette 19' Jump Shot (2 PTS) (Thomas 2 AST),,29-31,29,31
0021200404,2012-12-23,SAC,POR,14.4,2,9,36,POR,POR,timeout,1,False,False,,Trail Blazers Timeout: Regular (Reg.2 Short 0),29-31,29,31
0021200404,2012-12-23,SAC,POR,14.62,2,9,23,POR,SAC,foul,1,False,False,Thornton P.FOUL (P2.T1),,29-31,29,31
0021200404,2012-12-23,SAC,POR,14.8,2,9,12,POR,POR,fg3_miss,1,False,False,,MISS Barton 26' 3PT Jump Shot,29-31,29,31
0021200404,2012-12-23,SAC,POR,14.8,2,9,12,SAC,SAC,reb,0,False,False,Thornton REBOUND (Off:0 Def:2),,29-31,29,31
0021200404,2012-12-23,SAC,POR,15.03,2,8,58,SAC,SAC,fg_make,5,False,False,Hayes 2' Layup (2 PTS) (Thomas 3 AST),,31-31,31,31
0021200404,2012-12-23,SAC,POR,15.3,2,8,42,POR,POR,fg_miss,1,False,False,,MISS Hickson 7' Jump Shot,31-31,31,31
0021200404,2012-12-23,SAC,POR,15.32,2,8,41,SAC,SAC,reb,0,False,False,Fredette REBOUND (Off:0 Def:1),,31-31,31,31
0021200404,2012-12-23,SAC,POR,15.4,2,8,36,SAC,SAC,fg_miss,42,False,False,MISS Fredette 2' Driving Layup,,31-31,31,31
0021200404,2012-12-23,SAC,POR,15.42,2,8,35,POR,POR,reb,0,False,False,,Hickson REBOUND (Off:1 Def:5),31-31,31,31
0021200404,2012-12-23,SAC,POR,15.55,2,8,27,POR,POR,tov,2,False,True,,Price Lost Ball Turnover (P1.T8),31-31,31,31
0021200404,2012-12-23,SAC,POR,15.55,2,8,27,POR,SAC,steal,2,False,True,steal,steal,31-31,31,31
0021200404,2012-12-23,SAC,POR,15.62,2,8,23,SAC,SAC,fg_make,7,False,False,Outlaw 1' Dunk (5 PTS) (Thornton 3 AST),,33-31,33,31
0021200404,2012-12-23,SAC,POR,15.9,2,8,6,POR,POR,fg3_miss,1,False,False,,MISS Pavlovic 26' 3PT Jump Shot,33-31,33,31
0021200404,2012-12-23,SAC,POR,15.93,2,8,4,POR,POR,reb,0,False,False,,Aldridge REBOUND (Off:1 Def:2),33-31,33,31
0021200404,2012-12-23,SAC,POR,16.1,2,7,54,POR,POR,fg_miss,1,False,False,,MISS Price 18' Jump Shot,33-31,33,31
0021200404,2012-12-23,SAC,POR,16.12,2,7,53,POR,POR,reb,0,False,False,,Hickson REBOUND (Off:2 Def:5),33-31,33,31
0021200404,2012-12-23,SAC,POR,16.17,2,7,50,POR,POR,fg_miss,47,False,False,,MISS Hickson 4' Turnaround Jump Shot,33-31,33,31
0021200404,2012-12-23,SAC,POR,16.18,2,7,49,SAC,SAC,reb,0,False,False,Hayes REBOUND (Off:1 Def:3),,33-31,33,31
0021200404,2012-12-23,SAC,POR,16.28,2,7,43,SAC,SAC,fg3_make,1,False,False,Outlaw 25' 3PT Jump Shot (8 PTS) (Fredette 1 AST),,36-31,36,31
0021200404,2012-12-23,SAC,POR,16.4,2,7,36,POR,POR,timeout,2,False,False,,Trail Blazers Timeout: Short (Reg.2 Short 1),36-31,36,31
0021200404,2012-12-23,SAC,POR,16.65,2,7,21,POR,POR,fg_make,47,False,False,,Aldridge 13' Turnaround Jump Shot (8 PTS),36-33,36,33
0021200404,2012-12-23,SAC,POR,17.03,2,6,58,SAC,SAC,fg_miss,79,False,False,MISS Fredette 14' Pullup Jump Shot,,36-33,36,33
0021200404,2012-12-23,SAC,POR,17.05,2,6,57,POR,POR,reb,0,False,False,,Batum REBOUND (Off:0 Def:2),36-33,36,33
0021200404,2012-12-23,SAC,POR,17.18,2,6,49,SAC,POR,foul,26,False,False,,Hickson Offensive Charge Foul (P1.T3),36-33,36,33
0021200404,2012-12-23,SAC,POR,17.18,2,6,49,POR,POR,tov,5,False,False,,Hickson Foul Turnover (P1.T9),36-33,36,33
0021200404,2012-12-23,SAC,POR,17.5,2,6,30,SAC,SAC,fg_miss,1,False,False,MISS Robinson 15' Jump Shot,,36-33,36,33
0021200404,2012-12-23,SAC,POR,17.52,2,6,29,POR,POR,reb,0,False,False,,Hickson REBOUND (Off:2 Def:6),36-33,36,33
0021200404,2012-12-23,SAC,POR,17.65,2,6,21,POR,POR,tov,1,False,True,,Hickson Bad Pass Turnover (P2.T10),36-33,36,33
0021200404,2012-12-23,SAC,POR,17.65,2,6,21,POR,SAC,steal,1,False,True,steal,steal,36-33,36,33
0021200404,2012-12-23,SAC,POR,17.73,2,6,16,SAC,SAC,fg_make,5,False,False,Thomas 2' Layup (5 PTS) (Outlaw 1 AST),,38-33,38,33
0021200404,2012-12-23,SAC,POR,18.22,2,5,47,POR,POR,fg3_make,1,False,False,,Batum 24' 3PT Jump Shot (10 PTS) (Lillard 5 AST),38-36,38,36
0021200404,2012-12-23,SAC,POR,18.38,2,5,37,SAC,SAC,fg3_miss,1,False,False,MISS Thomas 25' 3PT Jump Shot,,38-36,38,36
0021200404,2012-12-23,SAC,POR,18.4,2,5,36,POR,POR,reb,0,False,False,,Lillard REBOUND (Off:0 Def:1),38-36,38,36
0021200404,2012-12-23,SAC,POR,18.5,2,5,30,POR,POR,fg3_miss,1,False,False,,MISS Lillard 24' 3PT Jump Shot,38-36,38,36
0021200404,2012-12-23,SAC,POR,18.53,2,5,28,SAC,SAC,reb,0,False,False,Fredette REBOUND (Off:0 Def:2),,38-36,38,36
0021200404,2012-12-23,SAC,POR,18.7,2,5,18,SAC,SAC,fg_make,1,False,False,Outlaw 20' Jump Shot (10 PTS) (Fredette 2 AST),,40-36,40,36
0021200404,2012-12-23,SAC,POR,19.03,2,4,58,POR,POR,fg_miss,1,False,False,,MISS Aldridge 14' Jump Shot,40-36,40,36
0021200404,2012-12-23,SAC,POR,19.05,2,4,57,POR,POR,reb,0,False,False,,Hickson REBOUND (Off:3 Def:6),40-36,40,36
0021200404,2012-12-23,SAC,POR,19.15,2,4,51,POR,POR,fg3_miss,1,False,False,,MISS Price 25' 3PT Jump Shot,40-36,40,36
0021200404,2012-12-23,SAC,POR,19.15,2,4,51,SAC,SAC,reb,0,False,False,KINGS Rebound,,40-36,40,36
0021200404,2012-12-23,SAC,POR,19.15,2,4,51,SAC,,timeout,4,False,False,,,40-36,40,36
0021200404,2012-12-23,SAC,POR,19.37,2,4,38,SAC,SAC,fg_miss,1,False,False,MISS Outlaw 19' Jump Shot,,40-36,40,36
0021200404,2012-12-23,SAC,POR,19.37,2,4,38,POR,POR,reb,0,False,False,,Claver REBOUND (Off:1 Def:1),40-36,40,36
0021200404,2012-12-23,SAC,POR,19.6,2,4,24,POR,POR,fg_miss,1,False,False,,MISS Batum 17' Jump Shot,40-36,40,36
0021200404,2012-12-23,SAC,POR,19.63,2,4,22,SAC,SAC,reb,0,False,False,Robinson REBOUND (Off:0 Def:1),,40-36,40,36
0021200404,2012-12-23,SAC,POR,19.67,2,4,20,SAC,SAC,tov,2,False,True,Robinson Lost Ball Turnover (P1.T5),,40-36,40,36
0021200404,2012-12-23,SAC,POR,19.67,2,4,20,SAC,POR,steal,2,False,True,steal,steal,40-36,40,36
0021200404,2012-12-23,SAC,POR,19.75,2,4,15,POR,POR,fg3_miss,1,False,False,,MISS Batum 25' 3PT Jump Shot,40-36,40,36
0021200404,2012-12-23,SAC,POR,19.77,2,4,14,SAC,SAC,reb,0,False,False,Robinson REBOUND (Off:0 Def:2),,40-36,40,36
0021200404,2012-12-23,SAC,POR,19.93,2,4,4,SAC,SAC,fg3_make,1,False,False,Fredette 24' 3PT Jump Shot (5 PTS) (Thomas 4 AST),,43-36,43,36
0021200404,2012-12-23,SAC,POR,20.27,2,3,44,POR,POR,fg_miss,1,False,False,,MISS Claver 19' Jump Shot,43-36,43,36
0021200404,2012-12-23,SAC,POR,20.28,2,3,43,POR,POR,reb,0,False,False,,Claver REBOUND (Off:2 Def:1),43-36,43,36
0021200404,2012-12-23,SAC,POR,20.37,2,3,38,POR,POR,tov,2,False,True,,Claver Lost Ball Turnover (P3.T11),43-36,43,36
0021200404,2012-12-23,SAC,POR,20.37,2,3,38,POR,SAC,steal,2,False,True,steal,steal,43-36,43,36
0021200404,2012-12-23,SAC,POR,20.65,2,3,21,SAC,SAC,fg3_make,1,False,False,Thomas 28' 3PT Jump Shot (8 PTS) (Fredette 3 AST),,46-36,46,36
0021200404,2012-12-23,SAC,POR,21.12,2,2,53,POR,POR,fg_miss,1,False,False,,MISS Aldridge 13' Jump Shot,46-36,46,36
0021200404,2012-12-23,SAC,POR,21.13,2,2,52,SAC,SAC,reb,0,False,False,KINGS Rebound,,46-36,46,36
0021200404,2012-12-23,SAC,POR,21.13,2,2,52,SAC,SAC,timeout,1,False,False,KINGS Timeout: Regular (Full 2 Short 0),,46-36,46,36
0021200404,2012-12-23,SAC,POR,21.33,2,2,40,SAC,SAC,tov,2,False,True,Hayes Lost Ball Turnover (P1.T6),,46-36,46,36
0021200404,2012-12-23,SAC,POR,21.33,2,2,40,SAC,POR,steal,2,False,True,steal,steal,46-36,46,36
0021200404,2012-12-23,SAC,POR,21.42,2,2,35,POR,POR,fg_make,5,False,False,,Claver 1' Layup (2 PTS) (Lillard 6 AST),46-38,46,38
0021200404,2012-12-23,SAC,POR,21.6,2,2,24,SAC,SAC,fg_make,5,False,False,Outlaw 3' Layup (12 PTS) (Thomas 5 AST),,48-38,48,38
0021200404,2012-12-23,SAC,POR,21.6,2,2,24,SAC,POR,foul,2,False,False,,Aldridge S.FOUL (P2.T4),48-38,48,38
0021200404,2012-12-23,SAC,POR,21.6,2,2,24,SAC,SAC,ft_make,10,False,False,Outlaw Free Throw 1 of 1 (13 PTS),,49-38,49,38
0021200404,2012-12-23,SAC,POR,21.88,2,2,7,POR,POR,fg3_miss,1,False,False,,MISS Batum 24' 3PT Jump Shot,49-38,49,38
0021200404,2012-12-23,SAC,POR,21.9,2,2,6,SAC,SAC,reb,0,False,False,Thomas REBOUND (Off:0 Def:1),,49-38,49,38
0021200404,2012-12-23,SAC,POR,21.95,2,2,3,SAC,SAC,fg_miss,8,False,False,MISS Robinson 2' Slam Dunk,,49-38,49,38
0021200404,2012-12-23,SAC,POR,21.97,2,2,2,SAC,SAC,reb,0,False,False,KINGS Rebound,,49-38,49,38
0021200404,2012-12-23,SAC,POR,22.18,2,1,49,SAC,SAC,fg_miss,5,False,False,MISS Thomas 1' Layup,,49-38,49,38
0021200404,2012-12-23,SAC,POR,22.23,2,1,46,POR,POR,reb,0,False,False,,Aldridge REBOUND (Off:1 Def:3),49-38,49,38
0021200404,2012-12-23,SAC,POR,22.48,2,1,31,POR,POR,fg3_miss,1,False,False,,MISS Claver  3PT Jump Shot,49-38,49,38
0021200404,2012-12-23,SAC,POR,22.48,2,1,31,SAC,SAC,reb,0,False,False,Fredette REBOUND (Off:0 Def:3),,49-38,49,38
0021200404,2012-12-23,SAC,POR,22.83,2,1,10,SAC,SAC,fg_miss,1,True,False,MISS Fredette 6' Jump Shot,,49-38,49,38
0021200404,2012-12-23,SAC,POR,22.83,2,1,10,SAC,POR,block,1,True,False,block,block,49-38,49,38
0021200404,2012-12-23,SAC,POR,22.87,2,1,8,POR,POR,reb,0,False,False,,Lillard REBOUND (Off:0 Def:2),49-38,49,38
0021200404,2012-12-23,SAC,POR,22.95,2,1,3,POR,POR,fg_make,7,False,False,,Hickson 2' Dunk (8 PTS) (Batum 4 AST),49-40,49,40
0021200404,2012-12-23,SAC,POR,23.25,2,0,45,SAC,SAC,fg_miss,1,False,False,MISS Thomas 15' Jump Shot,,49-40,49,40
0021200404,2012-12-23,SAC,POR,23.25,2,0,45,POR,POR,reb,0,False,False,,Hickson REBOUND (Off:3 Def:7),49-40,49,40
0021200404,2012-12-23,SAC,POR,23.47,2,0,32,POR,POR,fg_miss,1,True,False,,MISS Lillard 6' Jump Shot,49-40,49,40
0021200404,2012-12-23,SAC,POR,23.47,2,0,32,POR,SAC,block,1,True,False,block,block,49-40,49,40
0021200404,2012-12-23,SAC,POR,23.48,2,0,31,SAC,SAC,reb,0,False,False,Hayes REBOUND (Off:1 Def:4),,49-40,49,40
0021200404,2012-12-23,SAC,POR,23.58,2,0,25,SAC,SAC,fg3_miss,1,False,False,MISS Fredette 24' 3PT Jump Shot,,49-40,49,40
0021200404,2012-12-23,SAC,POR,23.6,2,0,24,POR,POR,reb,0,False,False,,Aldridge REBOUND (Off:1 Def:4),49-40,49,40
0021200404,2012-12-23,SAC,POR,23.92,2,0,5,POR,SAC,foul,28,False,False,Thomas Personal Take Foul (P1.T2),,49-40,49,40
0021200404,2012-12-23,SAC,POR,24.0,2,0,0,POR,POR,fg_make,42,False,False,,Lillard 3' Driving Layup (5 PTS),49-42,49,42
0021200404,2012-12-23,SAC,POR,24.0,2,0,0,POR,,period_end,0,False,False,,,49-42,49,42
0021200404,2012-12-23,SAC,POR,24.0,3,12,0,POR,,period_start,0,False,False,,,49-42,49,42
0021200404,2012-12-23,SAC,POR,24.18,3,11,49,POR,SAC,foul,2,False,False,Johnson S.FOUL (P3.T1),,49-42,49,42
0021200404,2012-12-23,SAC,POR,24.18,3,11,49,POR,POR,ft_make,11,False,False,,Batum Free Throw 1 of 2 (11 PTS),49-43,49,43
0021200404,2012-12-23,SAC,POR,24.18,3,11,49,POR,POR,ft_make,12,False,False,,Batum Free Throw 2 of 2 (12 PTS),49-44,49,44
0021200404,2012-12-23,SAC,POR,24.5,3,11,30,SAC,SAC,fg_make,65,False,False,Thompson 6' Jump Hook Shot (10 PTS) (Brooks 3 AST),,51-44,51,44
0021200404,2012-12-23,SAC,POR,24.7,3,11,18,POR,POR,fg3_miss,1,False,False,,MISS Batum 25' 3PT Jump Shot,51-44,51,44
0021200404,2012-12-23,SAC,POR,24.72,3,11,17,SAC,SAC,reb,0,False,False,Brooks REBOUND (Off:0 Def:1),,51-44,51,44
0021200404,2012-12-23,SAC,POR,24.9,3,11,6,SAC,SAC,fg3_make,1,False,False,Thornton 26' 3PT Jump Shot (7 PTS) (Johnson 1 AST),,54-44,54,44
0021200404,2012-12-23,SAC,POR,25.27,3,10,44,POR,POR,fg_make,5,False,False,,Hickson 4' Layup (10 PTS) (Batum 5 AST),54-46,54,46
0021200404,2012-12-23,SAC,POR,25.47,3,10,32,SAC,SAC,fg3_miss,1,False,False,MISS Thornton  3PT Jump Shot,,54-46,54,46
0021200404,2012-12-23,SAC,POR,25.5,3,10,30,POR,POR,reb,0,False,False,,Aldridge REBOUND (Off:1 Def:5),54-46,54,46
0021200404,2012-12-23,SAC,POR,25.67,3,10,20,POR,POR,fg_make,1,False,False,,Aldridge 18' Jump Shot (10 PTS) (Lillard 7 AST),54-48,54,48
0021200404,2012-12-23,SAC,POR,26.05,3,9,57,SAC,SAC,fg_miss,1,False,False,MISS Thompson 13' Jump Shot,,54-48,54,48
0021200404,2012-12-23,SAC,POR,26.08,3,9,55,POR,POR,reb,0,False,False,,Aldridge REBOUND (Off:1 Def:6),54-48,54,48
0021200404,2012-12-23,SAC,POR,26.28,3,9,43,POR,POR,fg_miss,1,False,False,,MISS Hickson 11' Jump Shot,54-48,54,48
0021200404,2012-12-23,SAC,POR,26.33,3,9,40,POR,POR,fg_miss,4,False,False,,MISS Claver 1' Tip Shot,54-48,54,48
0021200404,2012-12-23,SAC,POR,26.33,3,9,40,POR,POR,reb,0,False,False,,Claver REBOUND (Off:3 Def:1),54-48,54,48
0021200404,2012-12-23,SAC,POR,26.38,3,9,37,SAC,SAC,reb,0,False,False,Thornton REBOUND (Off:0 Def:3),,54-48,54,48
0021200404,2012-12-23,SAC,POR,26.48,3,9,31,SAC,SAC,tov,1,False,True,Thornton Bad Pass Turnover (P2.T7),,54-48,54,48
0021200404,2012-12-23,SAC,POR,26.48,3,9,31,SAC,POR,steal,1,False,True,steal,steal,54-48,54,48
0021200404,2012-12-23,SAC,POR,26.52,3,9,29,POR,SAC,foul,2,False,False,Salmons S.FOUL (P1.T2),,54-48,54,48
0021200404,2012-12-23,SAC,POR,26.52,3,9,29,POR,POR,ft_make,11,False,False,,Hickson Free Throw 1 of 2 (11 PTS),54-49,54,49
0021200404,2012-12-23,SAC,POR,26.52,3,9,29,POR,POR,ft_miss,12,False,False,,MISS Hickson Free Throw 2 of 2,54-49,54,49
0021200404,2012-12-23,SAC,POR,26.55,3,9,27,SAC,SAC,reb,0,False,False,Thompson REBOUND (Off:0 Def:4),,54-49,54,49
0021200404,2012-12-23,SAC,POR,26.78,3,9,13,SAC,SAC,fg_miss,1,False,False,MISS Salmons 18' Jump Shot,,54-49,54,49
0021200404,2012-12-23,SAC,POR,26.78,3,9,13,POR,POR,reb,0,False,False,,Trail Blazers Rebound,54-49,54,49
0021200404,2012-12-23,SAC,POR,26.78,3,9,13,POR,SAC,foul,3,False,False,Johnson L.B.FOUL (P4.T3),,54-49,54,49
0021200404,2012-12-23,SAC,POR,27.15,3,8,51,POR,POR,fg_miss,1,False,False,,MISS Aldridge 21' Jump Shot,54-49,54,49
0021200404,2012-12-23,SAC,POR,27.17,3,8,50,POR,POR,reb,0,False,False,,Claver REBOUND (Off:4 Def:1),54-49,54,49
0021200404,2012-12-23,SAC,POR,27.22,3,8,47,POR,POR,fg_make,8,False,False,,Aldridge 2' Slam Dunk (12 PTS) (Claver 1 AST),54-51,54,51
0021200404,2012-12-23,SAC,POR,27.5,3,8,30,SAC,SAC,fg_make,1,False,False,Thornton 21' Jump Shot (9 PTS) (Johnson 2 AST),,56-51,56,51
0021200404,2012-12-23,SAC,POR,27.77,3,8,14,POR,POR,fg_miss,1,False,False,,MISS Aldridge 4' Jump Shot,56-51,56,51
0021200404,2012-12-23,SAC,POR,27.78,3,8,13,POR,POR,reb,0,False,False,,Hickson REBOUND (Off:4 Def:7),56-51,56,51
0021200404,2012-12-23,SAC,POR,27.98,3,8,1,POR,POR,fg_make,1,False,False,,Lillard 23' Jump Shot (7 PTS),56-53,56,53
0021200404,2012-12-23,SAC,POR,28.15,3,7,51,SAC,SAC,tov,1,False,True,Brooks Bad Pass Turnover (P1.T8),,56-53,56,53
0021200404,2012-12-23,SAC,POR,28.15,3,7,51,SAC,POR,steal,1,False,True,steal,steal,56-53,56,53
0021200404,2012-12-23,SAC,POR,28.28,3,7,43,POR,POR,tov,41,False,True,,Aldridge Poss Lost Ball Turnover (P1.T12),56-53,56,53
0021200404,2012-12-23,SAC,POR,28.28,3,7,43,POR,SAC,steal,41,False,True,steal,steal,56-53,56,53
0021200404,2012-12-23,SAC,POR,28.37,3,7,38,SAC,SAC,fg_make,42,False,False,Thornton 5' Driving Layup (11 PTS),,58-53,58,53
0021200404,2012-12-23,SAC,POR,28.6,3,7,24,POR,SAC,violation,5,False,False,Salmons Violation:Kicked Ball,,58-53,58,53
0021200404,2012-12-23,SAC,POR,28.7,3,7,18,POR,POR,fg_make,42,False,False,,Lillard 2' Driving Layup (9 PTS),58-55,58,55
0021200404,2012-12-23,SAC,POR,29.07,3,6,56,SAC,SAC,fg_make,1,False,False,Salmons 22' Jump Shot (4 PTS),,60-55,60,55
0021200404,2012-12-23,SAC,POR,29.27,3,6,44,POR,POR,fg_miss,1,False,False,,MISS Lillard 22' Jump Shot,60-55,60,55
0021200404,2012-12-23,SAC,POR,29.3,3,6,42,SAC,SAC,reb,0,False,False,Thompson REBOUND (Off:0 Def:5),,60-55,60,55
0021200404,2012-12-23,SAC,POR,29.4,3,6,36,SAC,SAC,fg_make,8,False,False,Johnson 2' Slam Dunk (6 PTS) (Thornton 4 AST),,62-55,62,55
0021200404,2012-12-23,SAC,POR,29.68,3,6,19,POR,POR,fg_make,42,False,False,,Batum 3' Driving Layup (14 PTS),62-57,62,57
0021200404,2012-12-23,SAC,POR,29.68,3,6,19,POR,POR,ft_make,10,False,False,,Batum Free Throw 1 of 1 (15 PTS),62-58,62,58
0021200404,2012-12-23,SAC,POR,29.68,3,6,19,POR,SAC,foul,2,False,False,Salmons S.FOUL (P2.T4),,62-57,62,57
0021200404,2012-12-23,SAC,POR,29.97,3,6,2,SAC,SAC,fg_make,42,False,False,Thornton 2' Driving Layup (13 PTS) (Salmons 3 AST),,64-58,64,58
0021200404,2012-12-23,SAC,POR,30.18,3,5,49,POR,POR,fg3_make,1,False,False,,Barton  3PT Jump Shot (3 PTS) (Batum 6 AST),64-61,64,61
0021200404,2012-12-23,SAC,POR,30.28,3,5,43,SAC,SAC,timeout,1,False,False,KINGS Timeout: Regular (Full 3 Short 0),,64-61,64,61
0021200404,2012-12-23,SAC,POR,30.57,3,5,26,SAC,SAC,fg_make,5,False,False,Salmons 4' Layup (6 PTS),,66-61,66,61
0021200404,2012-12-23,SAC,POR,30.8,3,5,12,POR,POR,fg_make,52,False,False,,Hickson 4' Alley Oop Dunk (13 PTS) (Batum 7 AST),66-63,66,63
0021200404,2012-12-23,SAC,POR,30.97,3,5,2,SAC,POR,foul,1,False,False,,Batum P.FOUL (P2.T1),66-63,66,63
0021200404,2012-12-23,SAC,POR,31.22,3,4,47,SAC,SAC,fg3_miss,1,True,False,MISS Brooks 27' 3PT Jump Shot,,66-63,66,63
0021200404,2012-12-23,SAC,POR,31.22,3,4,47,SAC,POR,block,1,True,False,block,block,66-63,66,63
0021200404,2012-12-23,SAC,POR,31.23,3,4,46,SAC,SAC,reb,0,False,False,Johnson REBOUND (Off:3 Def:0),,66-63,66,63
0021200404,2012-12-23,SAC,POR,31.23,3,4,46,SAC,SAC,tov,11,False,False,KINGS Turnover: Shot Clock (T#9),,66-63,66,63
0021200404,2012-12-23,SAC,POR,31.38,3,4,37,POR,SAC,foul,1,False,False,Salmons P.FOUL (P3.PN),,66-63,66,63
0021200404,2012-12-23,SAC,POR,31.38,3,4,37,POR,POR,ft_make,11,False,False,,Batum Free Throw 1 of 2 (16 PTS),66-64,66,64
0021200404,2012-12-23,SAC,POR,31.38,3,4,37,POR,POR,ft_make,12,False,False,,Batum Free Throw 2 of 2 (17 PTS),66-65,66,65
0021200404,2012-12-23,SAC,POR,31.68,3,4,19,SAC,SAC,fg_make,1,False,False,Johnson 20' Jump Shot (8 PTS) (Brooks 4 AST),,68-65,68,65
0021200404,2012-12-23,SAC,POR,32.02,3,3,59,POR,POR,tov,40,False,False,,Price Out of Bounds Lost Ball Turnover (P2.T13),68-65,68,65
0021200404,2012-12-23,SAC,POR,32.25,3,3,45,SAC,SAC,fg_miss,1,False,False,MISS Thompson 19' Jump Shot,,68-65,68,65
0021200404,2012-12-23,SAC,POR,32.27,3,3,44,POR,POR,reb,0,False,False,,Leonard REBOUND (Off:0 Def:2),68-65,68,65
0021200404,2012-12-23,SAC,POR,32.3,3,3,42,POR,POR,tov,1,False,True,,Leonard Bad Pass Turnover (P1.T14),68-65,68,65
0021200404,2012-12-23,SAC,POR,32.3,3,3,42,POR,SAC,steal,1,False,True,steal,steal,68-65,68,65
0021200404,2012-12-23,SAC,POR,32.3,3,3,42,SAC,POR,foul,2,False,False,,Price S.FOUL (P2.T2),68-65,68,65
0021200404,2012-12-23,SAC,POR,32.3,3,3,42,SAC,SAC,ft_make,11,False,False,Johnson Free Throw 1 of 2 (9 PTS),,69-65,69,65
0021200404,2012-12-23,SAC,POR,32.3,3,3,42,SAC,SAC,ft_make,12,False,False,Johnson Free Throw 2 of 2 (10 PTS),,70-65,70,65
0021200404,2012-12-23,SAC,POR,32.6,3,3,24,POR,POR,fg_miss,65,False,False,,MISS Aldridge 12' Jump Hook Shot,70-65,70,65
0021200404,2012-12-23,SAC,POR,32.62,3,3,23,SAC,SAC,reb,0,False,False,Thompson REBOUND (Off:0 Def:6),,70-65,70,65
0021200404,2012-12-23,SAC,POR,32.63,3,3,22,SAC,SAC,tov,1,False,True,Thompson Bad Pass Turnover (P2.T10),,70-65,70,65
0021200404,2012-12-23,SAC,POR,32.63,3,3,22,SAC,POR,steal,1,False,True,steal,steal,70-65,70,65
0021200404,2012-12-23,SAC,POR,32.68,3,3,19,SAC,POR,foul,26,False,False,,Barton Offensive Charge Foul (P2.T3),70-65,70,65
0021200404,2012-12-23,SAC,POR,32.68,3,3,19,POR,POR,tov,5,False,False,,Barton Foul Turnover (P1.T15),70-65,70,65
0021200404,2012-12-23,SAC,POR,32.85,3,3,9,SAC,SAC,tov,21,False,False,Johnson Palming Turnover (P1.T11),,70-65,70,65
0021200404,2012-12-23,SAC,POR,33.13,3,2,52,POR,POR,fg_miss,8,False,False,,MISS Aldridge 3' Slam Dunk,70-65,70,65
0021200404,2012-12-23,SAC,POR,33.2,3,2,48,SAC,SAC,reb,0,False,False,Salmons REBOUND (Off:1 Def:3),,70-65,70,65
0021200404,2012-12-23,SAC,POR,33.32,3,2,41,SAC,SAC,fg_make,1,False,False,Thornton 4' Jump Shot (15 PTS) (Thompson 2 AST),,72-65,72,65
0021200404,2012-12-23,SAC,POR,33.47,3,2,32,POR,POR,timeout,1,False,False,,Trail Blazers Timeout: Regular (Reg.3 Short 1),72-65,72,65
0021200404,2012-12-23,SAC,POR,33.78,3,2,13,POR,POR,fg_miss,46,False,False,,MISS Leonard 12' Running Jump Shot,72-65,72,65
0021200404,2012-12-23,SAC,POR,33.8,3,2,12,POR,POR,reb,0,False,False,,Aldridge REBOUND (Off:2 Def:6),72-65,72,65
0021200404,2012-12-23,SAC,POR,33.85,3,2,9,POR,POR,fg_miss,1,False,False,,MISS Aldridge 6' Jump Shot,72-65,72,65
0021200404,2012-12-23,SAC,POR,33.87,3,2,8,POR,POR,reb,0,False,False,,Aldridge REBOUND (Off:3 Def:6),72-65,72,65
0021200404,2012-12-23,SAC,POR,33.9,3,2,6,POR,POR,fg_make,66,False,False,,Aldridge 5' Jump Bank Shot (14 PTS),72-67,72,67
0021200404,2012-12-23,SAC,POR,34.15,3,1,51,SAC,POR,foul,1,False,False,,Leonard P.FOUL (P1.T4),72-67,72,67
0021200404,2012-12-23,SAC,POR,34.15,3,1,51,SAC,SAC,fg_miss,46,False,False,MISS Brooks 5' Running Jump Shot,,72-67,72,67
0021200404,2012-12-23,SAC,POR,34.15,3,1,51,POR,POR,reb,0,False,False,,Barton REBOUND (Off:0 Def:3),72-67,72,67
0021200404,2012-12-23,SAC,POR,34.62,3,1,23,POR,POR,fg3_miss,1,False,False,,MISS Price 25' 3PT Jump Shot,72-67,72,67
0021200404,2012-12-23,SAC,POR,34.63,3,1,22,SAC,SAC,reb,0,False,False,Salmons REBOUND (Off:1 Def:4),,72-67,72,67
0021200404,2012-12-23,SAC,POR,34.78,3,1,13,SAC,SAC,fg3_make,1,False,False,Salmons 25' 3PT Jump Shot (9 PTS) (Brooks 5 AST),,75-67,75,67
0021200404,2012-12-23,SAC,POR,35.1,3,0,54,POR,POR,fg3_miss,1,False,False,,MISS Batum 25' 3PT Jump Shot,75-67,75,67
0021200404,2012-12-23,SAC,POR,35.1,3,0,54,POR,POR,reb,0,False,False,,Trail Blazers Rebound,75-67,75,67
0021200404,2012-12-23,SAC,POR,35.1,3,0,54,POR,SAC,foul,1,False,False,Johnson P.FOUL (P5.PN),,75-67,75,67
0021200404,2012-12-23,SAC,POR,35.1,3,0,54,POR,POR,ft_make,11,False,False,,Aldridge Free Throw 1 of 2 (15 PTS),75-68,75,68
0021200404,2012-12-23,SAC,POR,35.1,3,0,54,POR,POR,ft_make,12,False,False,,Aldridge Free Throw 2 of 2 (16 PTS),75-69,75,69
0021200404,2012-12-23,SAC,POR,35.33,3,0,40,POR,SAC,foul,26,False,False,Thompson Offensive Charge Foul (P3.PN),,75-69,75,69
0021200404,2012-12-23,SAC,POR,35.33,3,0,40,SAC,SAC,tov,5,False,False,Thompson Foul Turnover (P3.T12),,75-69,75,69
0021200404,2012-12-23,SAC,POR,35.33,3,0,40,SAC,POR,ft_make,11,False,False,,Leonard Free Throw 1 of 2 (5 PTS),75-70,75,70
0021200404,2012-12-23,SAC,POR,35.33,3,0,40,SAC,POR,ft_make,12,False,False,,Leonard Free Throw 2 of 2 (6 PTS),75-71,75,71
0021200404,2012-12-23,SAC,POR,35.58,3,0,25,SAC,SAC,fg_make,79,False,False,Brooks 22' Pullup Jump Shot (5 PTS),,77-71,77,71
0021200404,2012-12-23,SAC,POR,35.93,3,0,4,SAC,POR,foul,26,False,False,,Lillard Offensive Charge Foul (P1.PN),77-71,77,71
0021200404,2012-12-23,SAC,POR,35.93,3,0,4,POR,POR,tov,5,False,False,,Lillard Foul Turnover (P3.T16),77-71,77,71
0021200404,2012-12-23,SAC,POR,36.0,3,0,0,SAC,SAC,fg3_make,1,False,False,Brooks 32' 3PT Jump Shot (8 PTS),,80-71,80,71
0021200404,2012-12-23,SAC,POR,36.0,3,0,0,SAC,,period_end,0,False,False,,,80-71,80,71
0021200404,2012-12-23,SAC,POR,36.0,4,12,0,SAC,,period_start,0,False,False,,,80-71,80,71
0021200404,2012-12-23,SAC,POR,36.23,4,11,46,SAC,SAC,fg_make,47,False,False,Salmons 10' Turnaround Jump Shot (11 PTS),,82-71,82,71
0021200404,2012-12-23,SAC,POR,36.52,4,11,29,POR,POR,fg_miss,1,False,False,,MISS Lillard 14' Jump Shot,82-71,82,71
0021200404,2012-12-23,SAC,POR,36.53,4,11,28,SAC,SAC,reb,0,False,False,Robinson REBOUND (Off:0 Def:3),,82-71,82,71
0021200404,2012-12-23,SAC,POR,36.72,4,11,17,SAC,SAC,fg3_make,1,False,False,Thornton 26' 3PT Jump Shot (18 PTS) (Salmons 4 AST),,85-71,85,71
0021200404,2012-12-23,SAC,POR,37.17,4,10,50,POR,POR,fg3_miss,1,False,False,,MISS Aldridge 26' 3PT Jump Shot,85-71,85,71
0021200404,2012-12-23,SAC,POR,37.2,4,10,48,SAC,SAC,reb,0,False,False,Salmons REBOUND (Off:1 Def:5),,85-71,85,71
0021200404,2012-12-23,SAC,POR,37.48,4,10,31,SAC,SAC,fg_make,5,False,False,Hayes 4' Layup (4 PTS) (Salmons 5 AST),,87-71,87,71
0021200404,2012-12-23,SAC,POR,37.72,4,10,17,POR,SAC,foul,1,False,False,Robinson P.FOUL (P1.T1),,87-71,87,71
0021200404,2012-12-23,SAC,POR,37.85,4,10,9,POR,POR,fg3_miss,1,False,False,,MISS Babbitt 25' 3PT Jump Shot,87-71,87,71
0021200404,2012-12-23,SAC,POR,37.87,4,10,8,SAC,SAC,reb,0,False,False,Robinson REBOUND (Off:0 Def:4),,87-71,87,71
0021200404,2012-12-23,SAC,POR,37.97,4,10,2,SAC,SAC,fg3_miss,1,False,False,MISS Thornton 24' 3PT Jump Shot,,87-71,87,71
0021200404,2012-12-23,SAC,POR,37.98,4,10,1,POR,POR,reb,0,False,False,,Aldridge REBOUND (Off:3 Def:7),87-71,87,71
0021200404,2012-12-23,SAC,POR,38.23,4,9,46,POR,POR,fg3_make,1,False,False,,Lillard 26' 3PT Jump Shot (12 PTS) (Batum 8 AST),87-74,87,74
0021200404,2012-12-23,SAC,POR,38.58,4,9,25,SAC,SAC,fg_make,5,False,False,Robinson 2' Layup (2 PTS) (Brooks 6 AST),,89-74,89,74
0021200404,2012-12-23,SAC,POR,38.75,4,9,15,POR,POR,fg3_miss,1,False,False,,MISS Lillard 26' 3PT Jump Shot,89-74,89,74
0021200404,2012-12-23,SAC,POR,38.78,4,9,13,POR,POR,reb,0,False,False,,Batum REBOUND (Off:1 Def:2),89-74,89,74
0021200404,2012-12-23,SAC,POR,39.13,4,8,52,POR,POR,fg3_miss,1,False,False,,MISS Batum  3PT Jump Shot,89-74,89,74
0021200404,2012-12-23,SAC,POR,39.15,4,8,51,SAC,SAC,reb,0,False,False,Thornton REBOUND (Off:0 Def:4),,89-74,89,74
0021200404,2012-12-23,SAC,POR,39.48,4,8,31,SAC,SAC,fg3_miss,1,False,False,MISS Thomas 26' 3PT Jump Shot,,89-74,89,74
0021200404,2012-12-23,SAC,POR,39.48,4,8,31,POR,POR,reb,0,False,False,,Trail Blazers Rebound,89-74,89,74
0021200404,2012-12-23,SAC,POR,39.48,4,8,31,POR,,timeout,4,False,False,,,89-74,89,74
0021200404,2012-12-23,SAC,POR,39.82,4,8,11,POR,POR,fg_make,63,False,False,,Aldridge 15' Fadeaway Jumper (18 PTS),89-76,89,76
0021200404,2012-12-23,SAC,POR,40.2,4,7,48,SAC,SAC,fg_make,1,False,False,Thornton 6' Jump Shot (20 PTS),,91-76,91,76
0021200404,2012-12-23,SAC,POR,40.58,4,7,25,POR,POR,fg_make,1,False,False,,Aldridge 8' Jump Shot (20 PTS),91-78,91,78
0021200404,2012-12-23,SAC,POR,41.02,4,6,59,SAC,SAC,fg_make,47,False,False,Salmons 17' Turnaround Jump Shot (13 PTS),,93-78,93,78
0021200404,2012-12-23,SAC,POR,41.48,4,6,31,POR,POR,fg_miss,1,False,False,,MISS Aldridge 12' Jump Shot,93-78,93,78
0021200404,2012-12-23,SAC,POR,41.5,4,6,30,SAC,SAC,reb,0,False,False,Salmons REBOUND (Off:1 Def:6),,93-78,93,78
0021200404,2012-12-23,SAC,POR,41.58,4,6,25,SAC,SAC,fg_make,1,False,False,Thornton 18' Jump Shot (22 PTS) (Salmons 6 AST),,95-78,95,78
0021200404,2012-12-23,SAC,POR,41.6,4,6,24,POR,POR,timeout,1,False,False,,Trail Blazers Timeout: Regular (Reg.4 Short 1),95-78,95,78
0021200404,2012-12-23,SAC,POR,41.82,4,6,11,POR,SAC,foul,2,False,False,Hayes S.FOUL (P1.T2),,95-78,95,78
0021200404,2012-12-23,SAC,POR,41.82,4,6,11,POR,POR,ft_make,11,False,False,,Hickson Free Throw 1 of 2 (14 PTS),95-79,95,79
0021200404,2012-12-23,SAC,POR,41.82,4,6,11,POR,POR,ft_miss,12,False,False,,MISS Hickson Free Throw 2 of 2,95-79,95,79
0021200404,2012-12-23,SAC,POR,41.85,4,6,9,SAC,SAC,reb,0,False,False,Robinson REBOUND (Off:0 Def:5),,95-79,95,79
0021200404,2012-12-23,SAC,POR,42.1,4,5,54,SAC,SAC,fg_miss,42,False,False,MISS Thornton 3' Driving Layup,,95-79,95,79
0021200404,2012-12-23,SAC,POR,42.12,4,5,53,SAC,SAC,reb,0,False,False,Hayes REBOUND (Off:2 Def:4),,95-79,95,79
0021200404,2012-12-23,SAC,POR,42.42,4,5,35,SAC,POR,foul,2,False,False,,Hickson S.FOUL (P2.T1),95-79,95,79
0021200404,2012-12-23,SAC,POR,42.42,4,5,35,SAC,SAC,ft_make,11,False,False,Salmons Free Throw 1 of 2 (14 PTS),,96-79,96,79
0021200404,2012-12-23,SAC,POR,42.42,4,5,35,SAC,SAC,ft_make,12,False,False,Salmons Free Throw 2 of 2 (15 PTS),,97-79,97,79
0021200404,2012-12-23,SAC,POR,42.77,4,5,14,POR,POR,fg_miss,1,False,False,,MISS Babbitt 6' Jump Shot,97-79,97,79
0021200404,2012-12-23,SAC,POR,42.78,4,5,13,POR,POR,reb,0,False,False,,Aldridge REBOUND (Off:4 Def:7),97-79,97,79
0021200404,2012-12-23,SAC,POR,42.85,4,5,9,POR,POR,fg_make,5,False,False,,Aldridge 2' Layup (22 PTS),97-81,97,81
0021200404,2012-12-23,SAC,POR,43.17,4,4,50,SAC,SAC,fg_make,5,False,False,Hayes 2' Layup (6 PTS) (Salmons 7 AST),,99-81,99,81
0021200404,2012-12-23,SAC,POR,43.42,4,4,35,POR,POR,fg3_make,1,False,False,,Lillard 26' 3PT Jump Shot (15 PTS) (Babbitt 1 AST),99-84,99,84
0021200404,2012-12-23,SAC,POR,43.83,4,4,10,SAC,POR,foul,2,False,False,,Babbitt S.FOUL (P2.T2),99-84,99,84
0021200404,2012-12-23,SAC,POR,43.83,4,4,10,SAC,SAC,ft_make,11,False,False,Robinson Free Throw 1 of 2 (3 PTS),,100-84,100,84
0021200404,2012-12-23,SAC,POR,43.83,4,4,10,SAC,SAC,ft_make,12,False,False,Robinson Free Throw 2 of 2 (4 PTS),,101-84,101,84
0021200404,2012-12-23,SAC,POR,44.08,4,3,55,POR,POR,fg_miss,1,False,False,,MISS Babbitt 8' Jump Shot,101-84,101,84
0021200404,2012-12-23,SAC,POR,44.12,4,3,53,POR,POR,reb,0,False,False,,Barton REBOUND (Off:1 Def:3),101-84,101,84
0021200404,2012-12-23,SAC,POR,44.17,4,3,50,POR,POR,fg_make,5,False,False,,Barton 3' Layup (5 PTS),101-86,101,86
0021200404,2012-12-23,SAC,POR,44.58,4,3,25,SAC,SAC,fg_make,63,False,False,Fredette 19' Fadeaway Jumper (7 PTS),,103-86,103,86
0021200404,2012-12-23,SAC,POR,44.58,4,3,25,POR,POR,timeout,1,False,False,,Trail Blazers Timeout: Regular (Reg.5 Short 1),103-86,103,86
0021200404,2012-12-23,SAC,POR,44.87,4,3,8,POR,POR,fg_make,1,False,False,,Freeland 22' Jump Shot (2 PTS) (Barton 3 AST),103-88,103,88
0021200404,2012-12-23,SAC,POR,45.18,4,2,49,SAC,SAC,fg_make,1,False,False,Thomas 6' Jump Shot (10 PTS) (Fredette 4 AST),,105-88,105,88
0021200404,2012-12-23,SAC,POR,45.18,4,2,49,SAC,POR,foul,2,False,False,,Price S.FOUL (P3.T3),105-88,105,88
0021200404,2012-12-23,SAC,POR,45.18,4,2,49,SAC,SAC,ft_make,10,False,False,Thomas Free Throw 1 of 1 (11 PTS),,106-88,106,88
0021200404,2012-12-23,SAC,POR,45.38,4,2,37,POR,SAC,foul,1,False,False,Honeycutt P.FOUL (P1.T3),,106-88,106,88
0021200404,2012-12-23,SAC,POR,45.6,4,2,24,POR,POR,fg_miss,1,False,False,,MISS Barton 13' Jump Shot,106-88,106,88
0021200404,2012-12-23,SAC,POR,45.62,4,2,23,SAC,SAC,reb,0,False,False,Honeycutt REBOUND (Off:0 Def:1),,106-88,106,88
0021200404,2012-12-23,SAC,POR,45.65,4,2,21,SAC,SAC,tov,1,False,True,Honeycutt Bad Pass Turnover (P1.T13),,106-88,106,88
0021200404,2012-12-23,SAC,POR,45.65,4,2,21,SAC,POR,steal,1,False,True,steal,steal,106-88,106,88
0021200404,2012-12-23,SAC,POR,45.77,4,2,14,POR,POR,fg_make,5,False,False,,Leonard 3' Layup (8 PTS) (Price 1 AST),106-90,106,90
0021200404,2012-12-23,SAC,POR,46.07,4,1,56,SAC,POR,foul,1,False,False,,Leonard P.FOUL (P2.T4),106-90,106,90
0021200404,2012-12-23,SAC,POR,46.32,4,1,41,SAC,SAC,tov,1,False,True,Thomas Bad Pass Turnover (P1.T14),,106-90,106,90
0021200404,2012-12-23,SAC,POR,46.32,4,1,41,SAC,POR,steal,1,False,True,steal,steal,106-90,106,90
0021200404,2012-12-23,SAC,POR,46.38,4,1,37,POR,POR,fg_make,5,False,False,,Freeland 3' Layup (4 PTS) (Price 2 AST),106-92,106,92
0021200404,2012-12-23,SAC,POR,46.7,4,1,18,SAC,SAC,fg_miss,1,True,False,MISS Robinson 5' Jump Shot,,106-92,106,92
0021200404,2012-12-23,SAC,POR,46.7,4,1,18,SAC,POR,block,1,True,False,block,block,106-92,106,92
0021200404,2012-12-23,SAC,POR,46.72,4,1,17,POR,POR,reb,0,False,False,,Freeland REBOUND (Off:0 Def:1),106-92,106,92
0021200404,2012-12-23,SAC,POR,46.72,4,1,17,POR,SAC,foul,1,False,False,Robinson P.FOUL (P2.T4),,106-92,106,92
0021200404,2012-12-23,SAC,POR,46.92,4,1,5,POR,POR,fg_make,1,False,False,,Freeland 21' Jump Shot (6 PTS) (Price 3 AST),106-94,106,94
0021200404,2012-12-23,SAC,POR,47.1,4,0,54,SAC,SAC,fg_make,1,False,False,Outlaw 21' Jump Shot (15 PTS),,108-94,108,94
0021200404,2012-12-23,SAC,POR,47.27,4,0,44,POR,POR,tov,1,False,False,,Price Bad Pass Turnover (P3.T17),108-94,108,94
0021200404,2012-12-23,SAC,POR,47.52,4,0,29,SAC,SAC,tov,2,False,True,Honeycutt Lost Ball Turnover (P2.T15),,108-94,108,94
0021200404,2012-12-23,SAC,POR,47.52,4,0,29,SAC,POR,steal,2,False,True,steal,steal,108-94,108,94
0021200404,2012-12-23,SAC,POR,47.67,4,0,20,POR,POR,fg_miss,1,False,False,,MISS Freeland 10' Jump Shot,108-94,108,94
0021200404,2012-12-23,SAC,POR,47.68,4,0,19,POR,POR,reb,0,False,False,,Barton REBOUND (Off:2 Def:3),108-94,108,94
0021200404,2012-12-23,SAC,POR,47.68,4,0,19,POR,POR,fg_make,5,False,False,,Barton 3' Layup (7 PTS),108-96,108,96
0021200404,2012-12-23,SAC,POR,48.0,4,0,0,POR,,period_end,0,False,False,,,108-96,108,96
