game_id,date,home,vis,time,period,mins,secs,pos,team,event,event_deets,block,steal,home_desc,vis_desc,score,home_score,vis_score
0021800065,2018-10-25,OKC,BOS,0.0,1,12,0,,,period_start,0,False,False,,,0-0,0,0
0021800065,2018-10-25,OKC,BOS,0.0,1,12,0,,OKC,jump_ball,0,False,False,Jump Ball Adams vs. Horford: Tip to George,,0-0,0,0
0021800065,2018-10-25,OKC,BOS,0.22,1,11,47,OKC,OKC,fg_make,79,False,False,George 17' Pullup Jump Shot (2 PTS) (Adams 1 AST),,2-0,2,0
0021800065,2018-10-25,OKC,BOS,0.48,1,11,31,BOS,BOS,fg_miss,79,False,False,,MISS Tatum 15' Pullup Jump Shot,2-0,2,0
0021800065,2018-10-25,OKC,BOS,0.53,1,11,28,OKC,OKC,reb,0,False,False,Adams REBOUND (Off:0 Def:1),,2-0,2,0
0021800065,2018-10-25,OKC,BOS,0.68,1,11,19,OKC,OKC,fg_miss,78,False,False,MISS Grant 7' Floating Jump Shot,,2-0,2,0
0021800065,2018-10-25,OKC,BOS,0.72,1,11,17,BOS,BOS,reb,0,False,False,,Horford REBOUND (Off:0 Def:1),2-0,2,0
0021800065,2018-10-25,OKC,BOS,0.88,1,11,7,BOS,BOS,fg_make,6,False,False,,Irving 1' Driving Layup (2 PTS) (Hayward 1 AST),2-2,2,2
0021800065,2018-10-25,OKC,BOS,1.32,1,10,41,OKC,OKC,fg_make,47,False,False,Adams 6' Turnaround Jump Shot (2 PTS),,4-2,4,2
0021800065,2018-10-25,OKC,BOS,1.6,1,10,24,BOS,BOS,tov,1,False,True,,Irving Bad Pass Turnover (P1.T1),4-2,4,2
0021800065,2018-10-25,OKC,BOS,1.6,1,10,24,BOS,OKC,steal,1,False,True,steal,steal,4-2,4,2
0021800065,2018-10-25,OKC,BOS,1.6,1,10,24,OKC,BOS,foul,1,False,False,,Horford P.FOUL (P1.T1) (R.Garretson),4-2,4,2
0021800065,2018-10-25,OKC,BOS,1.85,1,10,9,OKC,OKC,fg_miss,108,False,False,MISS Adams 1' Cutting Dunk Shot,,4-2,4,2
0021800065,2018-10-25,OKC,BOS,1.88,1,10,7,OKC,OKC,reb,0,False,False,George REBOUND (Off:1 Def:0),,4-2,4,2
0021800065,2018-10-25,OKC,BOS,1.9,1,10,6,OKC,OKC,fg3_make,1,False,False,George 26' 3PT Jump Shot (5 PTS),,7-2,7,2
0021800065,2018-10-25,OKC,BOS,2.2,1,9,48,BOS,BOS,fg_miss,1,False,False,,MISS Horford 17' Jump Shot,7-2,7,2
0021800065,2018-10-25,OKC,BOS,2.25,1,9,45,OKC,OKC,reb,0,False,False,Grant REBOUND (Off:0 Def:1),,7-2,7,2
0021800065,2018-10-25,OKC,BOS,2.3,1,9,42,OKC,OKC,fg_make,50,False,False,Adams 1' Running Dunk (4 PTS) (Westbrook 1 AST),,9-2,9,2
0021800065,2018-10-25,OKC,BOS,2.52,1,9,29,BOS,BOS,fg_miss,79,False,False,,MISS Brown 14' Pullup Jump Shot,9-2,9,2
0021800065,2018-10-25,OKC,BOS,2.55,1,9,27,OKC,OKC,reb,0,False,False,Westbrook REBOUND (Off:0 Def:1),,9-2,9,2
0021800065,2018-10-25,OKC,BOS,2.63,1,9,22,OKC,OKC,fg_miss,5,False,False,MISS Grant 1' Layup,,9-2,9,2
0021800065,2018-10-25,OKC,BOS,2.65,1,9,21,OKC,OKC,reb,0,False,False,Grant REBOUND (Off:1 Def:1),,9-2,9,2
0021800065,2018-10-25,OKC,BOS,2.65,1,9,21,OKC,OKC,fg_make,87,False,False,Grant Putback Dunk (2 PTS),,11-2,11,2
0021800065,2018-10-25,OKC,BOS,2.65,1,9,21,BOS,BOS,timeout,1,False,False,,Celtics Timeout: Regular (Reg.1 Short 0),11-2,11,2
0021800065,2018-10-25,OKC,BOS,2.9,1,9,6,BOS,BOS,fg3_miss,1,False,False,,MISS Irving 26' 3PT Jump Shot,11-2,11,2
0021800065,2018-10-25,OKC,BOS,2.95,1,9,3,OKC,OKC,reb,0,False,False,Grant REBOUND (Off:1 Def:2),,11-2,11,2
0021800065,2018-10-25,OKC,BOS,3.03,1,8,58,OKC,OKC,fg_miss,74,False,False,MISS Westbrook 2' Running Reverse Layup,,11-2,11,2
0021800065,2018-10-25,OKC,BOS,3.07,1,8,56,BOS,BOS,reb,0,False,False,,Irving REBOUND (Off:0 Def:1),11-2,11,2
0021800065,2018-10-25,OKC,BOS,3.3,1,8,42,BOS,BOS,fg3_miss,1,False,False,,MISS Hayward 25' 3PT Jump Shot,11-2,11,2
0021800065,2018-10-25,OKC,BOS,3.35,1,8,39,OKC,OKC,reb,0,False,False,Adams REBOUND (Off:0 Def:2),,11-2,11,2
0021800065,2018-10-25,OKC,BOS,3.63,1,8,22,OKC,OKC,fg_miss,6,False,False,MISS Grant 1' Driving Layup,,11-2,11,2
0021800065,2018-10-25,OKC,BOS,3.65,1,8,21,BOS,BOS,reb,0,False,False,,Horford REBOUND (Off:0 Def:2),11-2,11,2
0021800065,2018-10-25,OKC,BOS,3.9,1,8,6,BOS,OKC,foul,1,False,False,Westbrook P.FOUL (P1.T1) (J.Capers),,11-2,11,2
0021800065,2018-10-25,OKC,BOS,4.0,1,8,0,BOS,BOS,fg_miss,1,False,False,,MISS Horford 20' Jump Shot,11-2,11,2
0021800065,2018-10-25,OKC,BOS,4.05,1,7,57,OKC,OKC,reb,0,False,False,Westbrook REBOUND (Off:0 Def:2),,11-2,11,2
0021800065,2018-10-25,OKC,BOS,4.2,1,7,48,OKC,OKC,fg_miss,78,False,False,MISS George 8' Floating Jump Shot,,11-2,11,2
0021800065,2018-10-25,OKC,BOS,4.25,1,7,45,OKC,OKC,reb,0,False,False,Ferguson REBOUND (Off:1 Def:0),,11-2,11,2
0021800065,2018-10-25,OKC,BOS,4.32,1,7,41,OKC,OKC,tov,39,False,False,Grant Step Out of Bounds Turnover (P1.T1),,11-2,11,2
0021800065,2018-10-25,OKC,BOS,4.53,1,7,28,BOS,BOS,fg_make,79,False,False,,Tatum 18' Pullup Jump Shot (2 PTS),11-4,11,4
0021800065,2018-10-25,OKC,BOS,4.72,1,7,17,OKC,BOS,foul,2,False,False,,Tatum S.FOUL (P1.T2) (R.Garretson),11-4,11,4
0021800065,2018-10-25,OKC,BOS,4.72,1,7,17,OKC,OKC,ft_make,11,False,False,George Free Throw 1 of 2 (6 PTS),,12-4,12,4
0021800065,2018-10-25,OKC,BOS,4.72,1,7,17,OKC,OKC,ft_make,12,False,False,George Free Throw 2 of 2 (7 PTS),,13-4,13,4
0021800065,2018-10-25,OKC,BOS,4.85,1,7,9,BOS,BOS,fg3_miss,1,False,False,,MISS Hayward 25' 3PT Jump Shot,13-4,13,4
0021800065,2018-10-25,OKC,BOS,4.92,1,7,5,OKC,OKC,reb,0,False,False,George REBOUND (Off:1 Def:1),,13-4,13,4
0021800065,2018-10-25,OKC,BOS,4.97,1,7,2,OKC,OKC,fg_miss,103,False,False,MISS George 16' Running Pull-Up Jump Shot,,13-4,13,4
0021800065,2018-10-25,OKC,BOS,5.02,1,6,59,BOS,BOS,reb,0,False,False,,Hayward REBOUND (Off:0 Def:1),13-4,13,4
0021800065,2018-10-25,OKC,BOS,5.17,1,6,50,BOS,OKC,foul,1,False,False,George P.FOUL (P1.T2) (R.Garretson),,13-4,13,4
0021800065,2018-10-25,OKC,BOS,5.32,1,6,41,BOS,BOS,tov,45,False,False,,Brown Out of Bounds - Bad Pass Turnover Turnover (P1.T2),13-4,13,4
0021800065,2018-10-25,OKC,BOS,5.32,1,6,41,OKC,OKC,timeout,1,False,False,THUNDER Timeout: Regular (Full 1 Short 0),,13-4,13,4
0021800065,2018-10-25,OKC,BOS,5.5,1,6,30,OKC,OKC,fg_make,1,False,False,George 18' Jump Shot (9 PTS) (Grant 1 AST),,15-4,15,4
0021800065,2018-10-25,OKC,BOS,5.85,1,6,9,BOS,BOS,fg3_miss,1,False,False,,MISS Irving 24' 3PT Jump Shot,15-4,15,4
0021800065,2018-10-25,OKC,BOS,5.9,1,6,6,BOS,BOS,reb,0,False,False,,Brown REBOUND (Off:1 Def:0),15-4,15,4
0021800065,2018-10-25,OKC,BOS,6.08,1,5,55,BOS,BOS,fg_make,58,False,False,,Horford 7' Turnaround Hook Shot (2 PTS),15-6,15,6
0021800065,2018-10-25,OKC,BOS,6.4,1,5,36,OKC,OKC,fg_miss,6,False,False,MISS Grant 1' Driving Layup,,15-6,15,6
0021800065,2018-10-25,OKC,BOS,6.43,1,5,34,OKC,OKC,reb,0,False,False,Ferguson REBOUND (Off:2 Def:0),,15-6,15,6
0021800065,2018-10-25,OKC,BOS,6.58,1,5,25,OKC,OKC,fg_make,79,False,False,Westbrook 20' Pullup Jump Shot (2 PTS),,17-6,17,6
0021800065,2018-10-25,OKC,BOS,6.58,1,5,25,OKC,BOS,foul,2,False,False,,Morris Sr. S.FOUL (P1.T3) (J.Capers),17-6,17,6
0021800065,2018-10-25,OKC,BOS,6.58,1,5,25,OKC,OKC,ft_miss,10,False,False,MISS Westbrook Free Throw 1 of 1,,17-6,17,6
0021800065,2018-10-25,OKC,BOS,6.58,1,5,25,BOS,BOS,reb,0,False,False,,Celtics Rebound,17-6,17,6
0021800065,2018-10-25,OKC,BOS,6.95,1,5,3,BOS,BOS,fg_miss,79,False,False,,MISS Morris Sr. 18' Pullup Jump Shot,17-6,17,6
0021800065,2018-10-25,OKC,BOS,7.0,1,5,0,OKC,OKC,reb,0,False,False,George REBOUND (Off:1 Def:2),,17-6,17,6
0021800065,2018-10-25,OKC,BOS,7.12,1,4,53,OKC,OKC,fg_miss,6,False,False,MISS George 2' Driving Layup,,17-6,17,6
0021800065,2018-10-25,OKC,BOS,7.12,1,4,53,OKC,OKC,reb,0,False,False,THUNDER Rebound,,17-6,17,6
0021800065,2018-10-25,OKC,BOS,7.12,1,4,53,OKC,BOS,foul,3,False,False,,Morris Sr. L.B.FOUL (P2.T4) (L.Wood),17-6,17,6
0021800065,2018-10-25,OKC,BOS,7.23,1,4,46,OKC,BOS,foul,2,False,False,,Irving S.FOUL (P1.PN) (J.Capers),17-6,17,6
0021800065,2018-10-25,OKC,BOS,7.23,1,4,46,OKC,OKC,ft_make,11,False,False,Westbrook Free Throw 1 of 2 (3 PTS),,18-6,18,6
0021800065,2018-10-25,OKC,BOS,7.23,1,4,46,OKC,OKC,ft_make,12,False,False,Westbrook Free Throw 2 of 2 (4 PTS),,19-6,19,6
0021800065,2018-10-25,OKC,BOS,7.43,1,4,34,BOS,BOS,fg_miss,6,False,False,,MISS Irving 1' Driving Layup,19-6,19,6
0021800065,2018-10-25,OKC,BOS,7.47,1,4,32,OKC,OKC,reb,0,False,False,Patterson REBOUND (Off:0 Def:1),,19-6,19,6
0021800065,2018-10-25,OKC,BOS,7.63,1,4,22,OKC,OKC,fg_miss,79,False,False,MISS Westbrook 17' Pullup Jump Shot,,19-6,19,6
0021800065,2018-10-25,OKC,BOS,7.7,1,4,18,BOS,BOS,reb,0,False,False,,Horford REBOUND (Off:0 Def:3),19-6,19,6
0021800065,2018-10-25,OKC,BOS,7.73,1,4,16,OKC,BOS,foul,26,False,False,,Irving Offensive Charge Foul (P2.PN) (R.Garretson),19-6,19,6
0021800065,2018-10-25,OKC,BOS,7.73,1,4,16,BOS,BOS,tov,37,False,False,,Irving Offensive Foul Turnover (P2.T3),19-6,19,6
0021800065,2018-10-25,OKC,BOS,8.02,1,3,59,OKC,OKC,fg_miss,3,False,False,MISS Adams 8' Hook Shot,,19-6,19,6
0021800065,2018-10-25,OKC,BOS,8.07,1,3,56,BOS,BOS,reb,0,False,False,,Tatum REBOUND (Off:0 Def:1),19-6,19,6
0021800065,2018-10-25,OKC,BOS,8.28,1,3,43,BOS,BOS,fg_miss,43,False,False,,MISS Horford Alley Oop Layup,19-6,19,6
0021800065,2018-10-25,OKC,BOS,8.33,1,3,40,BOS,BOS,reb,0,False,False,,Horford REBOUND (Off:1 Def:3),19-6,19,6
0021800065,2018-10-25,OKC,BOS,8.35,1,3,39,BOS,BOS,fg_miss,72,False,False,,MISS Horford 2' Putback Layup,19-6,19,6
0021800065,2018-10-25,OKC,BOS,8.35,1,3,39,BOS,BOS,reb,0,False,False,,Horford REBOUND (Off:2 Def:3),19-6,19,6
0021800065,2018-10-25,OKC,BOS,8.4,1,3,36,BOS,BOS,fg_make,72,False,False,,Horford 1' Putback Layup (4 PTS),19-8,19,8
0021800065,2018-10-25,OKC,BOS,8.52,1,3,29,OKC,OKC,fg3_miss,1,False,False,MISS Schroder 25' 3PT Jump Shot,,19-8,19,8
0021800065,2018-10-25,OKC,BOS,8.57,1,3,26,OKC,OKC,reb,0,False,False,Patterson REBOUND (Off:1 Def:1),,19-8,19,8
0021800065,2018-10-25,OKC,BOS,8.67,1,3,20,OKC,OKC,tov,40,False,False,George Out of Bounds Lost Ball Turnover (P1.T2),,19-8,19,8
0021800065,2018-10-25,OKC,BOS,8.88,1,3,7,BOS,BOS,fg_make,1,False,False,,Horford 12' Jump Shot (6 PTS) (Smart 1 AST),19-10,19,10
0021800065,2018-10-25,OKC,BOS,9.18,1,2,49,OKC,OKC,fg3_miss,1,False,False,MISS Patterson 27' 3PT Jump Shot,,19-10,19,10
0021800065,2018-10-25,OKC,BOS,9.25,1,2,45,BOS,BOS,reb,0,False,False,,Morris Sr. REBOUND (Off:0 Def:1),19-10,19,10
0021800065,2018-10-25,OKC,BOS,9.4,1,2,36,BOS,BOS,fg_miss,80,False,False,,MISS Tatum 21' Step Back Jump Shot,19-10,19,10
0021800065,2018-10-25,OKC,BOS,9.42,1,2,35,OKC,OKC,reb,0,False,False,THUNDER Rebound,,19-10,19,10
0021800065,2018-10-25,OKC,BOS,9.65,1,2,21,OKC,OKC,fg3_miss,1,False,False,MISS Schroder 25' 3PT Jump Shot,,19-10,19,10
0021800065,2018-10-25,OKC,BOS,9.72,1,2,17,BOS,BOS,reb,0,False,False,,Tatum REBOUND (Off:0 Def:2),19-10,19,10
0021800065,2018-10-25,OKC,BOS,10.02,1,1,59,BOS,BOS,fg3_miss,1,False,False,,MISS Tatum 24' 3PT Jump Shot,19-10,19,10
0021800065,2018-10-25,OKC,BOS,10.05,1,1,57,OKC,OKC,reb,0,False,False,Patterson REBOUND (Off:1 Def:2),,19-10,19,10
0021800065,2018-10-25,OKC,BOS,10.08,1,1,55,OKC,BOS,foul,2,False,False,,Morris Sr. S.FOUL (P3.PN) (R.Garretson),19-10,19,10
0021800065,2018-10-25,OKC,BOS,10.08,1,1,55,OKC,OKC,ft_miss,11,False,False,MISS George Free Throw 1 of 2,,19-10,19,10
0021800065,2018-10-25,OKC,BOS,10.08,1,1,55,OKC,OKC,reb,1,False,False,THUNDER Rebound,,19-10,19,10
0021800065,2018-10-25,OKC,BOS,10.08,1,1,55,OKC,OKC,ft_miss,12,False,False,MISS George Free Throw 2 of 2,,19-10,19,10
0021800065,2018-10-25,OKC,BOS,10.15,1,1,51,BOS,BOS,reb,0,False,False,,Rozier REBOUND (Off:0 Def:1),19-10,19,10
0021800065,2018-10-25,OKC,BOS,10.32,1,1,41,BOS,BOS,fg_make,1,False,False,,Rozier 18' Jump Shot (2 PTS) (Morris Sr. 1 AST),19-12,19,12
0021800065,2018-10-25,OKC,BOS,10.62,1,1,23,OKC,OKC,fg_miss,98,False,False,MISS Diallo 1' Cutting Layup Shot,,19-12,19,12
0021800065,2018-10-25,OKC,BOS,10.63,1,1,22,BOS,BOS,reb,0,False,False,,Morris Sr. REBOUND (Off:0 Def:2),19-12,19,12
0021800065,2018-10-25,OKC,BOS,10.9,1,1,6,BOS,BOS,fg_make,1,False,False,,Theis 9' Jump Shot (2 PTS) (Irving 1 AST),19-14,19,14
0021800065,2018-10-25,OKC,BOS,11.27,1,0,44,OKC,OKC,fg_miss,1,False,False,MISS George 14' Jump Shot,,19-14,19,14
0021800065,2018-10-25,OKC,BOS,11.32,1,0,41,OKC,OKC,reb,0,False,False,Noel REBOUND (Off:1 Def:0),,19-14,19,14
0021800065,2018-10-25,OKC,BOS,11.32,1,0,41,OKC,OKC,fg_miss,97,False,False,MISS Noel 1' Tip Layup Shot,,19-14,19,14
0021800065,2018-10-25,OKC,BOS,11.32,1,0,41,OKC,OKC,reb,0,False,False,THUNDER Rebound,,19-14,19,14
0021800065,2018-10-25,OKC,BOS,11.32,1,0,41,OKC,BOS,foul,3,False,False,,Theis L.B.FOUL (P1.PN) (R.Garretson),19-14,19,14
0021800065,2018-10-25,OKC,BOS,11.32,1,0,41,OKC,OKC,ft_miss,11,False,False,MISS Noel Free Throw 1 of 2,,19-14,19,14
0021800065,2018-10-25,OKC,BOS,11.32,1,0,41,OKC,OKC,reb,1,False,False,THUNDER Rebound,,19-14,19,14
0021800065,2018-10-25,OKC,BOS,11.32,1,0,41,OKC,OKC,ft_make,12,False,False,Noel Free Throw 2 of 2 (1 PTS),,20-14,20,14
0021800065,2018-10-25,OKC,BOS,11.4,1,0,36,BOS,BOS,fg_miss,79,False,False,,MISS Rozier 17' Pullup Jump Shot,20-14,20,14
0021800065,2018-10-25,OKC,BOS,11.43,1,0,34,BOS,BOS,reb,0,False,False,,Celtics Rebound,20-14,20,14
0021800065,2018-10-25,OKC,BOS,11.43,1,0,34,BOS,OKC,foul,3,False,False,Patterson L.B.FOUL (P1.T3) (L.Wood),,20-14,20,14
0021800065,2018-10-25,OKC,BOS,11.55,1,0,27,BOS,BOS,tov,13,False,False,,Irving Backcourt Turnover (P3.T4),20-14,20,14
0021800065,2018-10-25,OKC,BOS,11.87,1,0,8,OKC,OKC,tov,2,False,True,Schroder Lost Ball Turnover (P1.T3),,20-14,20,14
0021800065,2018-10-25,OKC,BOS,11.87,1,0,8,OKC,BOS,steal,2,False,True,steal,steal,20-14,20,14
0021800065,2018-10-25,OKC,BOS,11.92,1,0,5,BOS,BOS,fg_make,50,False,False,,Tatum 1' Running Dunk (4 PTS) (Rozier 1 AST),20-16,20,16
0021800065,2018-10-25,OKC,BOS,12.0,1,0,0,OKC,OKC,fg_make,79,False,False,Schroder 20' Pullup Jump Shot (2 PTS),,22-16,22,16
0021800065,2018-10-25,OKC,BOS,12.0,1,0,0,OKC,,period_end,0,False,False,,,22-16,22,16
0021800065,2018-10-25,OKC,BOS,12.0,1,0,0,OKC,,period_end,0,False,False,,,22-16,22,16
0021800065,2018-10-25,OKC,BOS,12.0,2,12,0,OKC,,period_start,0,False,False,,,22-16,22,16
0021800065,2018-10-25,OKC,BOS,12.23,2,11,46,BOS,BOS,fg_miss,1,False,False,,MISS Morris Sr. 15' Jump Shot,22-16,22,16
0021800065,2018-10-25,OKC,BOS,12.27,2,11,44,BOS,BOS,reb,0,False,False,,Tatum REBOUND (Off:1 Def:2),22-16,22,16
0021800065,2018-10-25,OKC,BOS,12.27,2,11,44,BOS,OKC,foul,1,False,False,Diallo P.FOUL (P1.T1) (R.Garretson),,22-16,22,16
0021800065,2018-10-25,OKC,BOS,12.5,2,11,30,BOS,BOS,fg3_miss,79,False,False,,MISS Rozier 25' 3PT Pullup Jump Shot,22-16,22,16
0021800065,2018-10-25,OKC,BOS,12.55,2,11,27,OKC,OKC,reb,0,False,False,Noel REBOUND (Off:1 Def:1),,22-16,22,16
0021800065,2018-10-25,OKC,BOS,12.68,2,11,19,OKC,OKC,fg_miss,6,False,False,MISS Schroder 3' Driving Layup,,22-16,22,16
0021800065,2018-10-25,OKC,BOS,12.72,2,11,17,OKC,OKC,reb,0,False,False,Diallo REBOUND (Off:1 Def:0),,22-16,22,16
0021800065,2018-10-25,OKC,BOS,12.73,2,11,16,OKC,OKC,fg_miss,72,False,False,MISS Diallo 1' Putback Layup,,22-16,22,16
0021800065,2018-10-25,OKC,BOS,12.73,2,11,16,OKC,OKC,reb,0,False,False,Noel REBOUND (Off:2 Def:1),,22-16,22,16
0021800065,2018-10-25,OKC,BOS,12.75,2,11,15,OKC,OKC,fg_make,72,False,False,Noel 2' Putback Layup (3 PTS),,24-16,24,16
0021800065,2018-10-25,OKC,BOS,13.12,2,10,53,BOS,BOS,fg_make,79,False,False,,Tatum 17' Pullup Jump Shot (6 PTS),24-18,24,18
0021800065,2018-10-25,OKC,BOS,13.35,2,10,39,OKC,OKC,fg_make,78,False,False,Schroder 7' Floating Jump Shot (4 PTS),,26-18,26,18
0021800065,2018-10-25,OKC,BOS,13.65,2,10,21,BOS,BOS,fg_miss,5,True,False,,MISS Theis 1' Layup,26-18,26,18
0021800065,2018-10-25,OKC,BOS,13.65,2,10,21,BOS,OKC,block,5,True,False,block,block,26-18,26,18
0021800065,2018-10-25,OKC,BOS,13.67,2,10,20,BOS,BOS,reb,0,False,False,,Theis REBOUND (Off:1 Def:0),26-18,26,18
0021800065,2018-10-25,OKC,BOS,13.68,2,10,19,BOS,BOS,fg_miss,5,True,False,,MISS Theis 1' Layup,26-18,26,18
0021800065,2018-10-25,OKC,BOS,13.68,2,10,19,BOS,OKC,block,5,True,False,block,block,26-18,26,18
0021800065,2018-10-25,OKC,BOS,13.68,2,10,19,OKC,OKC,reb,0,False,False,Diallo REBOUND (Off:1 Def:1),,26-18,26,18
0021800065,2018-10-25,OKC,BOS,13.77,2,10,14,OKC,OKC,fg_make,41,False,False,Diallo 2' Running Layup (2 PTS),,28-18,28,18
0021800065,2018-10-25,OKC,BOS,14.03,2,9,58,BOS,BOS,fg_make,43,False,False,,Theis 2' Alley Oop Layup (4 PTS) (Smart 2 AST),28-20,28,20
0021800065,2018-10-25,OKC,BOS,14.18,2,9,49,OKC,OKC,fg_make,6,False,False,Schroder 1' Driving Layup (6 PTS),,30-20,30,20
0021800065,2018-10-25,OKC,BOS,14.33,2,9,40,BOS,OKC,foul,17,False,False,THUNDER T.Foul (Def. 3 Sec Noel ) (R.Garretson),,30-20,30,20
0021800065,2018-10-25,OKC,BOS,14.33,2,9,40,BOS,BOS,ft_make,16,False,False,,Tatum Free Throw Technical (7 PTS),30-21,30,21
0021800065,2018-10-25,OKC,BOS,14.37,2,9,38,BOS,OKC,foul,1,False,False,Patterson P.FOUL (P2.T2) (L.Wood),,30-21,30,21
0021800065,2018-10-25,OKC,BOS,14.53,2,9,28,BOS,BOS,fg_miss,79,False,False,,MISS Morris Sr. 11' Pullup Jump Shot,30-21,30,21
0021800065,2018-10-25,OKC,BOS,14.57,2,9,26,BOS,BOS,reb,0,False,False,,Celtics Rebound,30-21,30,21
0021800065,2018-10-25,OKC,BOS,14.57,2,9,26,BOS,OKC,foul,3,False,False,Noel L.B.FOUL (P1.T3) (J.Capers),,30-21,30,21
0021800065,2018-10-25,OKC,BOS,14.72,2,9,17,BOS,BOS,fg3_miss,79,False,False,,MISS Smart 26' 3PT Pullup Jump Shot,30-21,30,21
0021800065,2018-10-25,OKC,BOS,14.75,2,9,15,OKC,OKC,reb,0,False,False,Schroder REBOUND (Off:0 Def:1),,30-21,30,21
0021800065,2018-10-25,OKC,BOS,14.85,2,9,9,OKC,OKC,fg_make,52,False,False,Noel 2' Alley Oop Dunk (5 PTS) (Schroder 1 AST),,32-21,32,21
0021800065,2018-10-25,OKC,BOS,15.12,2,8,53,BOS,BOS,fg_make,1,False,False,,Tatum 9' Jump Shot (9 PTS),32-23,32,23
0021800065,2018-10-25,OKC,BOS,15.43,2,8,34,OKC,OKC,fg_miss,79,False,False,MISS Schroder 21' Pullup Jump Shot,,32-23,32,23
0021800065,2018-10-25,OKC,BOS,15.47,2,8,32,BOS,BOS,reb,0,False,False,,Morris Sr. REBOUND (Off:0 Def:3),32-23,32,23
0021800065,2018-10-25,OKC,BOS,15.55,2,8,27,BOS,BOS,fg3_miss,1,False,False,,MISS Smart 25' 3PT Jump Shot,32-23,32,23
0021800065,2018-10-25,OKC,BOS,15.62,2,8,23,OKC,OKC,reb,0,False,False,Schroder REBOUND (Off:0 Def:2),,32-23,32,23
0021800065,2018-10-25,OKC,BOS,15.78,2,8,13,OKC,OKC,fg_miss,79,False,False,MISS Diallo 14' Pullup Jump Shot,,32-23,32,23
0021800065,2018-10-25,OKC,BOS,15.78,2,8,13,OKC,OKC,reb,0,False,False,THUNDER Rebound,,32-23,32,23
0021800065,2018-10-25,OKC,BOS,15.88,2,8,7,OKC,OKC,fg_make,79,False,False,Westbrook 13' Pullup Jump Shot (6 PTS),,34-23,34,23
0021800065,2018-10-25,OKC,BOS,16.12,2,7,53,BOS,BOS,fg3_miss,79,False,False,,MISS Theis 25' 3PT Pullup Jump Shot,34-23,34,23
0021800065,2018-10-25,OKC,BOS,16.17,2,7,50,OKC,OKC,reb,0,False,False,Westbrook REBOUND (Off:0 Def:3),,34-23,34,23
0021800065,2018-10-25,OKC,BOS,16.27,2,7,44,OKC,OKC,fg3_miss,1,False,False,MISS Abrines 3PT Jump Shot,,34-23,34,23
0021800065,2018-10-25,OKC,BOS,16.32,2,7,41,BOS,BOS,reb,0,False,False,,Rozier REBOUND (Off:0 Def:2),34-23,34,23
0021800065,2018-10-25,OKC,BOS,16.48,2,7,31,BOS,BOS,fg_make,47,False,False,,Smart 6' Turnaround Jump Shot (2 PTS),34-25,34,25
0021800065,2018-10-25,OKC,BOS,16.77,2,7,14,OKC,OKC,fg_make,98,False,False,Grant 2' Cutting Layup Shot (4 PTS) (Westbrook 2 AST),,36-25,36,25
0021800065,2018-10-25,OKC,BOS,16.77,2,7,14,OKC,BOS,foul,2,False,False,,Theis S.FOUL (P2.T1) (R.Garretson),36-25,36,25
0021800065,2018-10-25,OKC,BOS,16.77,2,7,14,OKC,OKC,ft_make,10,False,False,Grant Free Throw 1 of 1 (5 PTS),,37-25,37,25
0021800065,2018-10-25,OKC,BOS,17.0,2,7,0,BOS,BOS,fg_make,78,False,False,,Tatum 8' Floating Jump Shot (11 PTS),37-27,37,27
0021800065,2018-10-25,OKC,BOS,17.25,2,6,45,OKC,BOS,foul,1,False,False,,Smart P.FOUL (P1.T2) (J.Capers),37-27,37,27
0021800065,2018-10-25,OKC,BOS,17.25,2,6,45,OKC,OKC,timeout,1,False,False,THUNDER Timeout: Regular (Full 2 Short 0),,37-27,37,27
0021800065,2018-10-25,OKC,BOS,17.37,2,6,38,OKC,OKC,fg3_miss,1,False,False,MISS Grant 3PT Jump Shot,,37-27,37,27
0021800065,2018-10-25,OKC,BOS,17.45,2,6,33,BOS,BOS,reb,0,False,False,,Hayward REBOUND (Off:0 Def:2),37-27,37,27
0021800065,2018-10-25,OKC,BOS,17.67,2,6,20,BOS,BOS,fg_miss,80,False,False,,MISS Tatum 16' Step Back Jump Shot,37-27,37,27
0021800065,2018-10-25,OKC,BOS,17.7,2,6,18,OKC,OKC,reb,0,False,False,Westbrook REBOUND (Off:0 Def:4),,37-27,37,27
0021800065,2018-10-25,OKC,BOS,17.77,2,6,14,OKC,BOS,foul,1,False,False,,Rozier P.FOUL (P1.T3) (R.Garretson),37-27,37,27
0021800065,2018-10-25,OKC,BOS,17.88,2,6,7,OKC,OKC,fg_miss,79,False,False,MISS Westbrook 19' Pullup Jump Shot,,37-27,37,27
0021800065,2018-10-25,OKC,BOS,17.93,2,6,4,BOS,BOS,reb,0,False,False,,Hayward REBOUND (Off:0 Def:3),37-27,37,27
0021800065,2018-10-25,OKC,BOS,18.05,2,5,57,BOS,OKC,foul,2,False,False,Abrines S.FOUL (P1.T4) (R.Garretson),,37-27,37,27
0021800065,2018-10-25,OKC,BOS,18.05,2,5,57,BOS,BOS,ft_miss,11,False,False,,MISS Irving Free Throw 1 of 2,37-27,37,27
0021800065,2018-10-25,OKC,BOS,18.05,2,5,57,BOS,BOS,reb,1,False,False,,Celtics Rebound,37-27,37,27
0021800065,2018-10-25,OKC,BOS,18.05,2,5,57,BOS,BOS,ft_miss,12,False,False,,MISS Irving Free Throw 2 of 2,37-27,37,27
0021800065,2018-10-25,OKC,BOS,18.07,2,5,56,OKC,OKC,reb,0,False,False,Westbrook REBOUND (Off:0 Def:5),,37-27,37,27
0021800065,2018-10-25,OKC,BOS,18.22,2,5,47,OKC,OKC,fg_make,79,False,False,George 14' Pullup Jump Shot (11 PTS),,39-27,39,27
0021800065,2018-10-25,OKC,BOS,18.63,2,5,22,BOS,BOS,fg3_miss,1,False,False,,MISS Brown 25' 3PT Jump Shot,39-27,39,27
0021800065,2018-10-25,OKC,BOS,18.68,2,5,19,OKC,OKC,reb,0,False,False,Westbrook REBOUND (Off:0 Def:6),,39-27,39,27
0021800065,2018-10-25,OKC,BOS,18.7,2,5,18,OKC,BOS,foul,1,False,False,,Smart P.FOUL (P2.T4) (J.Capers),39-27,39,27
0021800065,2018-10-25,OKC,BOS,18.82,2,5,11,OKC,OKC,fg_make,52,False,False,Adams 1' Alley Oop Dunk (6 PTS) (Westbrook 3 AST),,41-27,41,27
0021800065,2018-10-25,OKC,BOS,18.85,2,5,9,BOS,BOS,timeout,1,False,False,,Celtics Timeout: Regular (Reg.2 Short 0),41-27,41,27
0021800065,2018-10-25,OKC,BOS,19.02,2,4,59,BOS,BOS,fg3_miss,1,False,False,,MISS Horford 3PT Jump Shot,41-27,41,27
0021800065,2018-10-25,OKC,BOS,19.07,2,4,56,OKC,OKC,reb,0,False,False,Grant REBOUND (Off:1 Def:3),,41-27,41,27
0021800065,2018-10-25,OKC,BOS,19.4,2,4,36,OKC,OKC,tov,2,False,True,George Lost Ball Turnover (P2.T4),,41-27,41,27
0021800065,2018-10-25,OKC,BOS,19.4,2,4,36,OKC,BOS,steal,2,False,True,steal,steal,41-27,41,27
0021800065,2018-10-25,OKC,BOS,19.42,2,4,35,BOS,OKC,foul,1,False,False,Westbrook P.FOUL (P2.PN) (L.Wood),,41-27,41,27
0021800065,2018-10-25,OKC,BOS,19.42,2,4,35,BOS,BOS,ft_miss,11,False,False,,MISS Brown Free Throw 1 of 2,41-27,41,27
0021800065,2018-10-25,OKC,BOS,19.42,2,4,35,BOS,BOS,reb,1,False,False,,Celtics Rebound,41-27,41,27
0021800065,2018-10-25,OKC,BOS,19.42,2,4,35,BOS,BOS,ft_miss,12,False,False,,MISS Brown Free Throw 2 of 2,41-27,41,27
0021800065,2018-10-25,OKC,BOS,19.43,2,4,34,OKC,OKC,reb,0,False,False,Westbrook REBOUND (Off:0 Def:7),,41-27,41,27
0021800065,2018-10-25,OKC,BOS,19.6,2,4,24,OKC,OKC,fg_make,1,False,False,Grant 11' Jump Shot (7 PTS) (Westbrook 4 AST),,43-27,43,27
0021800065,2018-10-25,OKC,BOS,19.95,2,4,3,BOS,BOS,fg_miss,79,False,False,,MISS Brown 17' Pullup Jump Shot,43-27,43,27
0021800065,2018-10-25,OKC,BOS,20.0,2,4,0,OKC,OKC,reb,0,False,False,Westbrook REBOUND (Off:0 Def:8),,43-27,43,27
0021800065,2018-10-25,OKC,BOS,20.12,2,3,53,OKC,OKC,fg3_miss,1,False,False,MISS George 3PT Jump Shot,,43-27,43,27
0021800065,2018-10-25,OKC,BOS,20.17,2,3,50,OKC,OKC,reb,0,False,False,Adams REBOUND (Off:1 Def:2),,43-27,43,27
0021800065,2018-10-25,OKC,BOS,20.17,2,3,50,OKC,OKC,tov,40,False,False,Adams Out of Bounds Lost Ball Turnover (P1.T5),,43-27,43,27
0021800065,2018-10-25,OKC,BOS,20.33,2,3,40,BOS,BOS,fg_make,6,False,False,,Irving 2' Driving Layup (4 PTS),43-29,43,29
0021800065,2018-10-25,OKC,BOS,20.52,2,3,29,OKC,OKC,tov,45,False,False,Westbrook Out of Bounds - Bad Pass Turnover Turnover (P1.T6),,43-29,43,29
0021800065,2018-10-25,OKC,BOS,20.85,2,3,9,BOS,BOS,tov,1,False,True,,Hayward Bad Pass Turnover (P1.T5),43-29,43,29
0021800065,2018-10-25,OKC,BOS,20.85,2,3,9,BOS,OKC,steal,1,False,True,steal,steal,43-29,43,29
0021800065,2018-10-25,OKC,BOS,20.85,2,3,9,OKC,BOS,foul,1,False,False,,Horford P.FOUL (P2.PN) (L.Wood),43-29,43,29
0021800065,2018-10-25,OKC,BOS,20.85,2,3,9,OKC,OKC,ft_make,11,False,False,George Free Throw 1 of 2 (12 PTS),,44-29,44,29
0021800065,2018-10-25,OKC,BOS,20.85,2,3,9,OKC,OKC,ft_make,12,False,False,George Free Throw 2 of 2 (13 PTS),,45-29,45,29
0021800065,2018-10-25,OKC,BOS,21.0,2,3,0,BOS,OKC,foul,1,False,False,Westbrook P.FOUL (P3.PN) (J.Capers),,45-29,45,29
0021800065,2018-10-25,OKC,BOS,21.0,2,3,0,BOS,BOS,ft_miss,11,False,False,,MISS Hayward Free Throw 1 of 2,45-29,45,29
0021800065,2018-10-25,OKC,BOS,21.0,2,3,0,BOS,BOS,reb,1,False,False,,Celtics Rebound,45-29,45,29
0021800065,2018-10-25,OKC,BOS,21.0,2,3,0,BOS,BOS,ft_make,12,False,False,,Hayward Free Throw 2 of 2 (1 PTS),45-30,45,30
0021800065,2018-10-25,OKC,BOS,21.17,2,2,50,OKC,OKC,fg_miss,79,False,False,MISS George 8' Pullup Jump Shot,,45-30,45,30
0021800065,2018-10-25,OKC,BOS,21.23,2,2,46,OKC,OKC,reb,0,False,False,George REBOUND (Off:2 Def:2),,45-30,45,30
0021800065,2018-10-25,OKC,BOS,21.33,2,2,40,OKC,OKC,fg_miss,79,False,False,MISS George 11' Pullup Jump Shot,,45-30,45,30
0021800065,2018-10-25,OKC,BOS,21.37,2,2,38,OKC,OKC,reb,0,False,False,THUNDER Rebound,,45-30,45,30
0021800065,2018-10-25,OKC,BOS,21.37,2,2,38,OKC,OKC,timeout,1,False,False,THUNDER Timeout: Regular (Full 3 Short 0),,45-30,45,30
0021800065,2018-10-25,OKC,BOS,21.55,2,2,27,OKC,OKC,tov,45,False,False,George Out of Bounds - Bad Pass Turnover Turnover (P3.T7),,45-30,45,30
0021800065,2018-10-25,OKC,BOS,21.73,2,2,16,BOS,BOS,fg_miss,98,True,False,,MISS Tatum 2' Cutting Layup Shot,45-30,45,30
0021800065,2018-10-25,OKC,BOS,21.73,2,2,16,BOS,OKC,block,98,True,False,block,block,45-30,45,30
0021800065,2018-10-25,OKC,BOS,21.73,2,2,16,OKC,OKC,reb,0,False,False,THUNDER Rebound,,45-30,45,30
0021800065,2018-10-25,OKC,BOS,21.73,2,2,16,OKC,,violation,1,False,False,,,45-30,45,30
0021800065,2018-10-25,OKC,BOS,21.95,2,2,3,OKC,BOS,foul,2,False,False,,Horford S.FOUL (P3.PN) (R.Garretson),45-30,45,30
0021800065,2018-10-25,OKC,BOS,21.95,2,2,3,OKC,OKC,ft_miss,11,False,False,MISS Adams Free Throw 1 of 2,,45-30,45,30
0021800065,2018-10-25,OKC,BOS,21.95,2,2,3,OKC,OKC,reb,1,False,False,THUNDER Rebound,,45-30,45,30
0021800065,2018-10-25,OKC,BOS,21.95,2,2,3,OKC,OKC,ft_miss,12,False,False,MISS Adams Free Throw 2 of 2,,45-30,45,30
0021800065,2018-10-25,OKC,BOS,21.95,2,2,3,BOS,BOS,reb,0,False,False,,Morris Sr. REBOUND (Off:0 Def:4),45-30,45,30
0021800065,2018-10-25,OKC,BOS,22.18,2,1,49,BOS,BOS,tov,2,False,True,,Morris Sr. Lost Ball Turnover (P1.T6),45-30,45,30
0021800065,2018-10-25,OKC,BOS,22.18,2,1,49,BOS,OKC,steal,2,False,True,steal,steal,45-30,45,30
0021800065,2018-10-25,OKC,BOS,22.22,2,1,47,OKC,OKC,tov,40,False,False,Grant Out of Bounds Lost Ball Turnover (P2.T8),,45-30,45,30
0021800065,2018-10-25,OKC,BOS,22.38,2,1,37,BOS,OKC,foul,2,False,False,George S.FOUL (P2.PN) (J.Capers),,45-30,45,30
0021800065,2018-10-25,OKC,BOS,22.38,2,1,37,BOS,BOS,ft_make,11,False,False,,Tatum Free Throw 1 of 2 (12 PTS),45-31,45,31
0021800065,2018-10-25,OKC,BOS,22.38,2,1,37,BOS,BOS,ft_make,12,False,False,,Tatum Free Throw 2 of 2 (13 PTS),45-32,45,32
0021800065,2018-10-25,OKC,BOS,22.6,2,1,24,OKC,OKC,fg3_miss,1,False,False,MISS George 26' 3PT Jump Shot,,45-32,45,32
0021800065,2018-10-25,OKC,BOS,22.68,2,1,19,OKC,OKC,reb,0,False,False,Adams REBOUND (Off:2 Def:2),,45-32,45,32
0021800065,2018-10-25,OKC,BOS,22.68,2,1,19,OKC,OKC,fg_miss,97,False,False,MISS Adams 1' Tip Layup Shot,,45-32,45,32
0021800065,2018-10-25,OKC,BOS,22.68,2,1,19,OKC,OKC,reb,0,False,False,Diallo REBOUND (Off:2 Def:1),,45-32,45,32
0021800065,2018-10-25,OKC,BOS,22.72,2,1,17,OKC,OKC,fg_miss,97,True,False,MISS Diallo 1' Tip Layup Shot,,45-32,45,32
0021800065,2018-10-25,OKC,BOS,22.72,2,1,17,OKC,BOS,block,97,True,False,block,block,45-32,45,32
0021800065,2018-10-25,OKC,BOS,22.72,2,1,17,BOS,BOS,reb,0,False,False,,Celtics Rebound,45-32,45,32
0021800065,2018-10-25,OKC,BOS,22.93,2,1,4,BOS,BOS,fg_miss,80,False,False,,MISS Tatum 14' Step Back Jump Shot,45-32,45,32
0021800065,2018-10-25,OKC,BOS,22.98,2,1,1,OKC,OKC,reb,0,False,False,Diallo REBOUND (Off:2 Def:2),,45-32,45,32
0021800065,2018-10-25,OKC,BOS,23.12,2,0,53,OKC,OKC,fg3_make,1,False,False,Schroder 24' 3PT Jump Shot (9 PTS) (George 1 AST),,48-32,48,32
0021800065,2018-10-25,OKC,BOS,23.32,2,0,41,BOS,OKC,foul,1,False,False,George P.FOUL (P3.PN) (L.Wood),,48-32,48,32
0021800065,2018-10-25,OKC,BOS,23.32,2,0,41,BOS,BOS,ft_make,11,False,False,,Morris Sr. Free Throw 1 of 2 (1 PTS),48-33,48,33
0021800065,2018-10-25,OKC,BOS,23.32,2,0,41,BOS,BOS,ft_make,12,False,False,,Morris Sr. Free Throw 2 of 2 (2 PTS),48-34,48,34
0021800065,2018-10-25,OKC,BOS,23.48,2,0,31,OKC,OKC,fg_make,6,False,False,Ferguson 1' Driving Layup (2 PTS) (Schroder 2 AST),,50-34,50,34
0021800065,2018-10-25,OKC,BOS,23.72,2,0,17,BOS,BOS,fg_miss,79,False,False,,MISS Morris Sr. 19' Pullup Jump Shot,50-34,50,34
0021800065,2018-10-25,OKC,BOS,23.78,2,0,13,OKC,OKC,reb,0,False,False,Schroder REBOUND (Off:0 Def:3),,50-34,50,34
0021800065,2018-10-25,OKC,BOS,23.97,2,0,2,OKC,OKC,fg_miss,6,False,False,MISS Schroder 2' Driving Layup,,50-34,50,34
0021800065,2018-10-25,OKC,BOS,23.97,2,0,2,BOS,BOS,reb,0,False,False,,Morris Sr. REBOUND (Off:0 Def:5),50-34,50,34
0021800065,2018-10-25,OKC,BOS,24.0,2,0,0,BOS,,period_end,0,False,False,,,50-34,50,34
0021800065,2018-10-25,OKC,BOS,24.0,3,12,0,BOS,,period_start,0,False,False,,,50-34,50,34
0021800065,2018-10-25,OKC,BOS,24.22,3,11,47,BOS,BOS,fg3_make,1,False,False,,Hayward 24' 3PT Jump Shot (4 PTS) (Tatum 1 AST),50-37,50,37
0021800065,2018-10-25,OKC,BOS,24.58,3,11,25,OKC,BOS,foul,2,False,False,,Tatum S.FOUL (P2.T1) (J.Capers),50-37,50,37
0021800065,2018-10-25,OKC,BOS,24.58,3,11,25,OKC,OKC,ft_make,11,False,False,Adams Free Throw 1 of 2 (7 PTS),,51-37,51,37
0021800065,2018-10-25,OKC,BOS,24.58,3,11,25,OKC,OKC,ft_miss,12,False,False,MISS Adams Free Throw 2 of 2,,51-37,51,37
0021800065,2018-10-25,OKC,BOS,24.62,3,11,23,BOS,BOS,reb,0,False,False,,Horford REBOUND (Off:2 Def:4),51-37,51,37
0021800065,2018-10-25,OKC,BOS,24.88,3,11,7,BOS,BOS,fg_make,9,False,False,,Tatum 1' Driving Dunk (15 PTS),51-39,51,39
0021800065,2018-10-25,OKC,BOS,25.07,3,10,56,OKC,BOS,foul,1,False,False,,Hayward P.FOUL (P1.T2) (L.Wood),51-39,51,39
0021800065,2018-10-25,OKC,BOS,25.12,3,10,53,OKC,OKC,tov,2,False,True,Ferguson Lost Ball Turnover (P1.T9),,51-39,51,39
0021800065,2018-10-25,OKC,BOS,25.12,3,10,53,OKC,BOS,steal,2,False,True,steal,steal,51-39,51,39
0021800065,2018-10-25,OKC,BOS,25.37,3,10,38,BOS,BOS,fg3_miss,1,False,False,,MISS Brown 25' 3PT Jump Shot,51-39,51,39
0021800065,2018-10-25,OKC,BOS,25.42,3,10,35,OKC,OKC,reb,0,False,False,George REBOUND (Off:2 Def:3),,51-39,51,39
0021800065,2018-10-25,OKC,BOS,25.77,3,10,14,OKC,OKC,fg_miss,79,False,False,MISS Westbrook 16' Pullup Jump Shot,,51-39,51,39
0021800065,2018-10-25,OKC,BOS,25.82,3,10,11,BOS,BOS,reb,0,False,False,,Hayward REBOUND (Off:0 Def:4),51-39,51,39
0021800065,2018-10-25,OKC,BOS,26.07,3,9,56,BOS,BOS,fg_miss,47,False,False,,MISS Horford 2' Turnaround Jump Shot,51-39,51,39
0021800065,2018-10-25,OKC,BOS,26.1,3,9,54,OKC,OKC,reb,0,False,False,Grant REBOUND (Off:1 Def:4),,51-39,51,39
0021800065,2018-10-25,OKC,BOS,26.17,3,9,50,OKC,BOS,foul,2,False,False,,Hayward S.FOUL (P2.T3) (R.Garretson),51-39,51,39
0021800065,2018-10-25,OKC,BOS,26.17,3,9,50,OKC,OKC,ft_miss,11,False,False,MISS Westbrook Free Throw 1 of 2,,51-39,51,39
0021800065,2018-10-25,OKC,BOS,26.17,3,9,50,OKC,OKC,reb,1,False,False,THUNDER Rebound,,51-39,51,39
0021800065,2018-10-25,OKC,BOS,26.17,3,9,50,OKC,OKC,ft_make,12,False,False,Westbrook Free Throw 2 of 2 (7 PTS),,52-39,52,39
0021800065,2018-10-25,OKC,BOS,26.37,3,9,38,BOS,BOS,fg3_miss,1,False,False,,MISS Irving 25' 3PT Jump Shot,52-39,52,39
0021800065,2018-10-25,OKC,BOS,26.4,3,9,36,OKC,OKC,reb,0,False,False,Westbrook REBOUND (Off:0 Def:9),,52-39,52,39
0021800065,2018-10-25,OKC,BOS,26.58,3,9,25,OKC,OKC,fg_make,3,False,False,Adams 3' Hook Shot (9 PTS),,54-39,54,39
0021800065,2018-10-25,OKC,BOS,26.77,3,9,14,BOS,BOS,fg3_make,1,False,False,,Irving 25' 3PT Jump Shot (7 PTS) (Horford 1 AST),54-42,54,42
0021800065,2018-10-25,OKC,BOS,26.78,3,9,13,OKC,OKC,timeout,1,False,False,THUNDER Timeout: Regular (Full 4 Short 0),,54-42,54,42
0021800065,2018-10-25,OKC,BOS,27.03,3,8,58,OKC,OKC,fg_make,79,False,False,Westbrook 20' Pullup Jump Shot (9 PTS),,56-42,56,42
0021800065,2018-10-25,OKC,BOS,27.25,3,8,45,BOS,BOS,fg_make,1,False,False,,Brown 20' Jump Shot (2 PTS) (Irving 2 AST),56-44,56,44
0021800065,2018-10-25,OKC,BOS,27.6,3,8,24,OKC,OKC,fg_make,79,False,False,George 19' Pullup Jump Shot (15 PTS),,58-44,58,44
0021800065,2018-10-25,OKC,BOS,27.75,3,8,15,BOS,BOS,fg3_make,79,False,False,,Irving 25' 3PT Pullup Jump Shot (10 PTS),58-47,58,47
0021800065,2018-10-25,OKC,BOS,27.93,3,8,4,BOS,OKC,foul,4,False,False,Westbrook OFF.Foul (P4) (J.Capers),,58-47,58,47
0021800065,2018-10-25,OKC,BOS,27.93,3,8,4,OKC,OKC,tov,37,False,False,Westbrook Offensive Foul Turnover (P2.T10),,58-47,58,47
0021800065,2018-10-25,OKC,BOS,28.17,3,7,50,OKC,BOS,foul,4,False,False,,Hayward OFF.Foul (P3) (L.Wood),58-47,58,47
0021800065,2018-10-25,OKC,BOS,28.17,3,7,50,BOS,BOS,tov,37,False,False,,Hayward Offensive Foul Turnover (P2.T7),58-47,58,47
0021800065,2018-10-25,OKC,BOS,28.3,3,7,42,OKC,BOS,foul,1,False,False,,Brown P.FOUL (P1.T4) (R.Garretson),58-47,58,47
0021800065,2018-10-25,OKC,BOS,28.43,3,7,34,OKC,OKC,fg3_make,1,False,False,Grant 24' 3PT Jump Shot (10 PTS) (Adams 2 AST),,61-47,61,47
0021800065,2018-10-25,OKC,BOS,28.65,3,7,21,BOS,BOS,fg_make,44,False,False,,Horford 1' Reverse Layup (8 PTS) (Brown 1 AST),61-49,61,49
0021800065,2018-10-25,OKC,BOS,28.78,3,7,13,OKC,OKC,fg_miss,79,False,False,MISS Westbrook 15' Pullup Jump Shot,,61-49,61,49
0021800065,2018-10-25,OKC,BOS,28.85,3,7,9,BOS,BOS,reb,0,False,False,,Hayward REBOUND (Off:0 Def:5),61-49,61,49
0021800065,2018-10-25,OKC,BOS,28.98,3,7,1,BOS,OKC,foul,1,False,False,Ferguson P.FOUL (P1.T1) (R.Garretson),,61-49,61,49
0021800065,2018-10-25,OKC,BOS,29.23,3,6,46,BOS,BOS,fg_miss,6,False,False,,MISS Horford 2' Driving Layup,61-49,61,49
0021800065,2018-10-25,OKC,BOS,29.23,3,6,46,BOS,BOS,reb,0,False,False,,Celtics Rebound,61-49,61,49
0021800065,2018-10-25,OKC,BOS,29.23,3,6,46,BOS,BOS,tov,11,False,False,,Celtics Turnover: Shot Clock (T#8),61-49,61,49
0021800065,2018-10-25,OKC,BOS,29.45,3,6,33,OKC,OKC,fg_make,1,False,False,George 20' Jump Shot (17 PTS),,63-49,63,49
0021800065,2018-10-25,OKC,BOS,29.58,3,6,25,BOS,BOS,fg3_make,1,False,False,,Tatum 26' 3PT Jump Shot (18 PTS) (Irving 3 AST),63-52,63,52
0021800065,2018-10-25,OKC,BOS,29.85,3,6,9,OKC,OKC,fg3_miss,1,False,False,MISS Westbrook 25' 3PT Jump Shot,,63-52,63,52
0021800065,2018-10-25,OKC,BOS,29.85,3,6,9,BOS,BOS,reb,0,False,False,,Hayward REBOUND (Off:0 Def:6),63-52,63,52
0021800065,2018-10-25,OKC,BOS,30.0,3,6,0,BOS,BOS,fg3_miss,1,False,False,,MISS Tatum 25' 3PT Jump Shot,63-52,63,52
0021800065,2018-10-25,OKC,BOS,30.05,3,5,57,BOS,BOS,reb,0,False,False,,Brown REBOUND (Off:2 Def:0),63-52,63,52
0021800065,2018-10-25,OKC,BOS,30.05,3,5,57,BOS,OKC,foul,2,False,False,Grant S.FOUL (P1.T2) (L.Wood),,63-52,63,52
0021800065,2018-10-25,OKC,BOS,30.05,3,5,57,BOS,BOS,ft_make,11,False,False,,Brown Free Throw 1 of 2 (3 PTS),63-53,63,53
0021800065,2018-10-25,OKC,BOS,30.05,3,5,57,BOS,BOS,ft_make,12,False,False,,Brown Free Throw 2 of 2 (4 PTS),63-54,63,54
0021800065,2018-10-25,OKC,BOS,30.3,3,5,42,OKC,OKC,fg3_miss,1,False,False,MISS Westbrook 25' 3PT Jump Shot,,63-54,63,54
0021800065,2018-10-25,OKC,BOS,30.37,3,5,38,BOS,BOS,reb,0,False,False,,Celtics Rebound,63-54,63,54
0021800065,2018-10-25,OKC,BOS,30.48,3,5,31,BOS,OKC,foul,2,False,False,Schroder S.FOUL (P1.T3) (J.Capers),,63-54,63,54
0021800065,2018-10-25,OKC,BOS,30.48,3,5,31,BOS,BOS,ft_make,11,False,False,,Irving Free Throw 1 of 2 (11 PTS),63-55,63,55
0021800065,2018-10-25,OKC,BOS,30.48,3,5,31,BOS,BOS,ft_miss,12,False,False,,MISS Irving Free Throw 2 of 2,63-55,63,55
0021800065,2018-10-25,OKC,BOS,30.5,3,5,30,OKC,OKC,reb,0,False,False,Westbrook REBOUND (Off:0 Def:10),,63-55,63,55
0021800065,2018-10-25,OKC,BOS,30.58,3,5,25,OKC,OKC,fg3_make,1,False,False,George 3PT Jump Shot (20 PTS) (Westbrook 5 AST),,66-55,66,55
0021800065,2018-10-25,OKC,BOS,30.93,3,5,4,BOS,BOS,fg_miss,5,False,False,,MISS Brown 1' Layup,66-55,66,55
0021800065,2018-10-25,OKC,BOS,30.97,3,5,2,BOS,BOS,reb,0,False,False,,Horford REBOUND (Off:3 Def:4),66-55,66,55
0021800065,2018-10-25,OKC,BOS,30.98,3,5,1,BOS,BOS,fg_miss,72,False,False,,MISS Horford 2' Putback Layup,66-55,66,55
0021800065,2018-10-25,OKC,BOS,31.0,3,5,0,OKC,OKC,reb,0,False,False,Westbrook REBOUND (Off:0 Def:11),,66-55,66,55
0021800065,2018-10-25,OKC,BOS,31.1,3,4,54,OKC,OKC,fg_make,1,False,False,Westbrook 15' Jump Shot (11 PTS) (Schroder 3 AST),,68-55,68,55
0021800065,2018-10-25,OKC,BOS,31.32,3,4,41,BOS,BOS,fg3_make,1,False,False,,Horford 25' 3PT Jump Shot (11 PTS) (Irving 4 AST),68-58,68,58
0021800065,2018-10-25,OKC,BOS,31.43,3,4,34,OKC,OKC,fg_miss,5,False,False,MISS Adams 5' Layup,,68-58,68,58
0021800065,2018-10-25,OKC,BOS,31.43,3,4,34,BOS,BOS,reb,0,False,False,,Celtics Rebound,68-58,68,58
0021800065,2018-10-25,OKC,BOS,31.57,3,4,26,BOS,BOS,fg3_make,1,False,False,,Horford 26' 3PT Jump Shot (14 PTS) (Smart 3 AST),68-61,68,61
0021800065,2018-10-25,OKC,BOS,31.83,3,4,10,OKC,OKC,fg_make,98,False,False,Adams 1' Cutting Layup Shot (11 PTS) (Westbrook 6 AST),,70-61,70,61
0021800065,2018-10-25,OKC,BOS,32.0,3,4,0,BOS,BOS,fg3_make,1,False,False,,Horford 26' 3PT Jump Shot (17 PTS) (Brown 2 AST),70-64,70,64
0021800065,2018-10-25,OKC,BOS,32.32,3,3,41,OKC,OKC,fg3_miss,1,False,False,MISS George 3PT Jump Shot,,70-64,70,64
0021800065,2018-10-25,OKC,BOS,32.37,3,3,38,BOS,BOS,reb,0,False,False,,Horford REBOUND (Off:3 Def:5),70-64,70,64
0021800065,2018-10-25,OKC,BOS,32.38,3,3,37,BOS,BOS,timeout,1,False,False,,Celtics Timeout: Regular (Reg.3 Short 0),70-64,70,64
0021800065,2018-10-25,OKC,BOS,32.53,3,3,28,OKC,BOS,foul,4,False,False,,Horford OFF.Foul (P4) (J.Capers),70-64,70,64
0021800065,2018-10-25,OKC,BOS,32.53,3,3,28,BOS,BOS,tov,37,False,False,,Horford Offensive Foul Turnover (P1.T9),70-64,70,64
0021800065,2018-10-25,OKC,BOS,32.73,3,3,16,OKC,OKC,fg3_miss,1,False,False,MISS George 3PT Jump Shot,,70-64,70,64
0021800065,2018-10-25,OKC,BOS,32.8,3,3,12,BOS,BOS,reb,0,False,False,,Morris Sr. REBOUND (Off:0 Def:6),70-64,70,64
0021800065,2018-10-25,OKC,BOS,32.87,3,3,8,BOS,BOS,fg3_make,1,False,False,,Morris Sr. 25' 3PT Jump Shot (5 PTS) (Rozier 2 AST),70-67,70,67
0021800065,2018-10-25,OKC,BOS,33.23,3,2,46,OKC,OKC,fg_make,6,False,False,Westbrook Driving Layup (13 PTS),,72-67,72,67
0021800065,2018-10-25,OKC,BOS,33.42,3,2,35,BOS,BOS,fg3_miss,1,False,False,,MISS Smart 26' 3PT Jump Shot,72-67,72,67
0021800065,2018-10-25,OKC,BOS,33.45,3,2,33,OKC,OKC,reb,0,False,False,George REBOUND (Off:2 Def:4),,72-67,72,67
0021800065,2018-10-25,OKC,BOS,33.55,3,2,27,OKC,OKC,fg_miss,79,False,False,MISS Westbrook 14' Pullup Jump Shot,,72-67,72,67
0021800065,2018-10-25,OKC,BOS,33.62,3,2,23,BOS,BOS,reb,0,False,False,,Morris Sr. REBOUND (Off:0 Def:7),72-67,72,67
0021800065,2018-10-25,OKC,BOS,33.72,3,2,17,BOS,BOS,fg3_make,1,False,False,,Morris Sr. 25' 3PT Jump Shot (8 PTS) (Rozier 3 AST),72-70,72,70
0021800065,2018-10-25,OKC,BOS,33.75,3,2,15,OKC,OKC,timeout,1,False,False,THUNDER Timeout: Regular (Full 5 Short 0),,72-70,72,70
0021800065,2018-10-25,OKC,BOS,33.95,3,2,3,OKC,OKC,tov,1,False,True,Diallo Bad Pass Turnover (P1.T11),,72-70,72,70
0021800065,2018-10-25,OKC,BOS,33.95,3,2,3,OKC,BOS,steal,1,False,True,steal,steal,72-70,72,70
0021800065,2018-10-25,OKC,BOS,34.0,3,2,0,BOS,BOS,fg_make,41,False,False,,Rozier 2' Running Layup (4 PTS),72-72,72,72
0021800065,2018-10-25,OKC,BOS,34.22,3,1,47,OKC,OKC,tov,1,False,True,Patterson Bad Pass Turnover (P1.T12),,72-72,72,72
0021800065,2018-10-25,OKC,BOS,34.22,3,1,47,OKC,BOS,steal,1,False,True,steal,steal,72-72,72,72
0021800065,2018-10-25,OKC,BOS,34.33,3,1,40,BOS,BOS,fg3_miss,1,False,False,,MISS Ojeleye 3PT Jump Shot,72-72,72,72
0021800065,2018-10-25,OKC,BOS,34.4,3,1,36,BOS,BOS,reb,0,False,False,,Ojeleye REBOUND (Off:1 Def:0),72-72,72,72
0021800065,2018-10-25,OKC,BOS,34.48,3,1,31,OKC,BOS,foul,4,False,False,,Morris Sr. OFF.Foul (P4) (R.Garretson),72-72,72,72
0021800065,2018-10-25,OKC,BOS,34.48,3,1,31,BOS,BOS,tov,37,False,False,,Morris Sr. Offensive Foul Turnover (P2.T10),72-72,72,72
0021800065,2018-10-25,OKC,BOS,34.63,3,1,22,OKC,OKC,fg_miss,1,False,False,MISS George 16' Jump Shot,,72-72,72,72
0021800065,2018-10-25,OKC,BOS,34.68,3,1,19,BOS,BOS,reb,0,False,False,,Tatum REBOUND (Off:1 Def:3),72-72,72,72
0021800065,2018-10-25,OKC,BOS,34.93,3,1,4,BOS,BOS,fg_miss,80,False,False,,MISS Tatum 20' Step Back Jump Shot,72-72,72,72
0021800065,2018-10-25,OKC,BOS,34.97,3,1,2,OKC,OKC,reb,0,False,False,Noel REBOUND (Off:2 Def:2),,72-72,72,72
0021800065,2018-10-25,OKC,BOS,35.17,3,0,50,OKC,BOS,foul,2,False,False,,Ojeleye S.FOUL (P1.PN) (J.Capers),72-72,72,72
0021800065,2018-10-25,OKC,BOS,35.17,3,0,50,OKC,OKC,ft_miss,11,False,False,MISS Schroder Free Throw 1 of 2,,72-72,72,72
0021800065,2018-10-25,OKC,BOS,35.17,3,0,50,OKC,OKC,reb,1,False,False,THUNDER Rebound,,72-72,72,72
0021800065,2018-10-25,OKC,BOS,35.17,3,0,50,OKC,OKC,ft_make,12,False,False,Schroder Free Throw 2 of 2 (10 PTS),,73-72,73,72
0021800065,2018-10-25,OKC,BOS,35.38,3,0,37,BOS,BOS,fg_make,5,False,False,,Morris Sr. 2' Layup (10 PTS),73-74,73,74
0021800065,2018-10-25,OKC,BOS,35.5,3,0,30,OKC,OKC,fg3_miss,1,False,False,MISS George 26' 3PT Jump Shot,,73-74,73,74
0021800065,2018-10-25,OKC,BOS,35.53,3,0,28,BOS,BOS,reb,0,False,False,,Tatum REBOUND (Off:1 Def:4),73-74,73,74
0021800065,2018-10-25,OKC,BOS,35.85,3,0,9,BOS,BOS,tov,2,False,True,,Tatum Lost Ball Turnover (P1.T11),73-74,73,74
0021800065,2018-10-25,OKC,BOS,35.85,3,0,9,BOS,OKC,steal,2,False,True,steal,steal,73-74,73,74
0021800065,2018-10-25,OKC,BOS,35.93,3,0,4,OKC,OKC,fg3_miss,1,False,False,MISS George 3PT Jump Shot,,73-74,73,74
0021800065,2018-10-25,OKC,BOS,36.0,3,0,0,OKC,OKC,reb,0,False,False,Patterson REBOUND (Off:2 Def:2),,73-74,73,74
0021800065,2018-10-25,OKC,BOS,36.0,3,0,0,OKC,OKC,fg_miss,72,False,False,MISS Patterson 2' Putback Layup,,73-74,73,74
0021800065,2018-10-25,OKC,BOS,36.0,3,0,0,OKC,OKC,reb,0,False,False,THUNDER Rebound,,73-74,73,74
0021800065,2018-10-25,OKC,BOS,36.0,3,0,0,OKC,,period_end,0,False,False,,,73-74,73,74
0021800065,2018-10-25,OKC,BOS,36.0,4,12,0,OKC,,period_start,0,False,False,,,73-74,73,74
0021800065,2018-10-25,OKC,BOS,36.2,4,11,48,OKC,OKC,fg_make,6,False,False,Diallo Driving Layup (4 PTS) (Schroder 4 AST),,75-74,75,74
0021800065,2018-10-25,OKC,BOS,36.47,4,11,32,BOS,BOS,fg_make,6,False,False,,Tatum 1' Driving Layup (20 PTS) (Irving 5 AST),75-76,75,76
0021800065,2018-10-25,OKC,BOS,36.65,4,11,21,OKC,BOS,foul,1,False,False,,Ojeleye P.FOUL (P2.T1) (L.Wood),75-76,75,76
0021800065,2018-10-25,OKC,BOS,36.77,4,11,14,OKC,OKC,fg_make,52,False,False,Noel Alley Oop Dunk (7 PTS) (Schroder 5 AST),,77-76,77,76
0021800065,2018-10-25,OKC,BOS,37.05,4,10,57,BOS,BOS,fg_miss,79,False,False,,MISS Tatum 18' Pullup Jump Shot,77-76,77,76
0021800065,2018-10-25,OKC,BOS,37.08,4,10,55,OKC,OKC,reb,0,False,False,Patterson REBOUND (Off:2 Def:3),,77-76,77,76
0021800065,2018-10-25,OKC,BOS,37.35,4,10,39,OKC,BOS,foul,3,False,False,,Tatum L.B.FOUL (P3.T2) (J.Capers),77-76,77,76
0021800065,2018-10-25,OKC,BOS,37.57,4,10,26,OKC,OKC,tov,2,False,True,Schroder Lost Ball Turnover (P2.T13),,77-76,77,76
0021800065,2018-10-25,OKC,BOS,37.57,4,10,26,OKC,BOS,steal,2,False,True,steal,steal,77-76,77,76
0021800065,2018-10-25,OKC,BOS,37.68,4,10,19,BOS,OKC,foul,1,False,False,Schroder P.FOUL (P2.T1) (L.Wood),,77-76,77,76
0021800065,2018-10-25,OKC,BOS,37.78,4,10,13,BOS,BOS,fg3_miss,1,False,False,,MISS Rozier 3PT Jump Shot,77-76,77,76
0021800065,2018-10-25,OKC,BOS,37.87,4,10,8,OKC,OKC,reb,0,False,False,Diallo REBOUND (Off:2 Def:3),,77-76,77,76
0021800065,2018-10-25,OKC,BOS,38.17,4,9,50,OKC,OKC,fg_miss,6,False,False,MISS Schroder 1' Driving Layup,,77-76,77,76
0021800065,2018-10-25,OKC,BOS,38.2,4,9,48,BOS,BOS,reb,0,False,False,,Morris Sr. REBOUND (Off:0 Def:8),77-76,77,76
0021800065,2018-10-25,OKC,BOS,38.33,4,9,40,BOS,BOS,fg_miss,63,False,False,,MISS Brown 11' Fadeaway Jumper,77-76,77,76
0021800065,2018-10-25,OKC,BOS,38.35,4,9,39,BOS,BOS,reb,0,False,False,,Celtics Rebound,77-76,77,76
0021800065,2018-10-25,OKC,BOS,38.35,4,9,39,BOS,OKC,foul,3,False,False,Schroder L.B.FOUL (P3.T2) (L.Wood),,77-76,77,76
0021800065,2018-10-25,OKC,BOS,38.47,4,9,32,BOS,OKC,foul,2,False,False,Noel S.FOUL (P2.T3) (J.Capers),,77-76,77,76
0021800065,2018-10-25,OKC,BOS,38.47,4,9,32,BOS,BOS,ft_make,11,False,False,,Morris Sr. Free Throw 1 of 2 (11 PTS),77-77,77,77
0021800065,2018-10-25,OKC,BOS,38.47,4,9,32,BOS,BOS,ft_make,12,False,False,,Morris Sr. Free Throw 2 of 2 (12 PTS),77-78,77,78
0021800065,2018-10-25,OKC,BOS,38.75,4,9,15,OKC,OKC,fg_make,5,False,False,Patterson 1' Layup (2 PTS) (Abrines 1 AST),,79-78,79,78
0021800065,2018-10-25,OKC,BOS,38.97,4,9,2,BOS,OKC,foul,1,False,False,Schroder P.FOUL (P4.T4) (L.Wood),,79-78,79,78
0021800065,2018-10-25,OKC,BOS,39.13,4,8,52,BOS,BOS,fg3_make,1,False,False,,Morris Sr. 26' 3PT Jump Shot (15 PTS) (Rozier 4 AST),79-81,79,81
0021800065,2018-10-25,OKC,BOS,39.42,4,8,35,OKC,OKC,fg3_make,1,False,False,Patterson 24' 3PT Jump Shot (5 PTS) (Schroder 6 AST),,82-81,82,81
0021800065,2018-10-25,OKC,BOS,39.58,4,8,25,BOS,BOS,fg_miss,6,True,False,,MISS Brown 2' Driving Layup,82-81,82,81
0021800065,2018-10-25,OKC,BOS,39.58,4,8,25,BOS,OKC,block,6,True,False,block,block,82-81,82,81
0021800065,2018-10-25,OKC,BOS,39.63,4,8,22,BOS,BOS,reb,0,False,False,,Brown REBOUND (Off:3 Def:0),82-81,82,81
0021800065,2018-10-25,OKC,BOS,39.67,4,8,20,BOS,OKC,foul,2,False,False,Patterson S.FOUL (P3.PN) (R.Garretson),,82-81,82,81
0021800065,2018-10-25,OKC,BOS,39.67,4,8,20,BOS,BOS,ft_miss,11,False,False,,MISS Hayward Free Throw 1 of 2,82-81,82,81
0021800065,2018-10-25,OKC,BOS,39.67,4,8,20,BOS,BOS,reb,1,False,False,,Celtics Rebound,82-81,82,81
0021800065,2018-10-25,OKC,BOS,39.67,4,8,20,BOS,BOS,ft_make,12,False,False,,Hayward Free Throw 2 of 2 (5 PTS),82-82,82,82
0021800065,2018-10-25,OKC,BOS,40.05,4,7,57,OKC,OKC,fg_make,86,False,False,Patterson 12' Turnaround Fadeaway (7 PTS),,84-82,84,82
0021800065,2018-10-25,OKC,BOS,40.38,4,7,37,BOS,OKC,foul,1,False,False,Noel P.FOUL (P3.PN) (J.Capers),,84-82,84,82
0021800065,2018-10-25,OKC,BOS,40.38,4,7,37,BOS,BOS,ft_make,11,False,False,,Ojeleye Free Throw 1 of 2 (1 PTS),84-83,84,83
0021800065,2018-10-25,OKC,BOS,40.38,4,7,37,BOS,BOS,ft_miss,12,False,False,,MISS Ojeleye Free Throw 2 of 2,84-83,84,83
0021800065,2018-10-25,OKC,BOS,40.4,4,7,36,OKC,OKC,reb,0,False,False,Westbrook REBOUND (Off:0 Def:12),,84-83,84,83
0021800065,2018-10-25,OKC,BOS,40.52,4,7,29,OKC,OKC,fg_miss,41,False,False,MISS Westbrook 1' Running Layup,,84-83,84,83
0021800065,2018-10-25,OKC,BOS,40.53,4,7,28,BOS,BOS,reb,0,False,False,,Hayward REBOUND (Off:0 Def:7),84-83,84,83
0021800065,2018-10-25,OKC,BOS,40.63,4,7,22,BOS,BOS,fg_miss,5,False,False,,MISS Ojeleye 1' Layup,84-83,84,83
0021800065,2018-10-25,OKC,BOS,40.67,4,7,20,OKC,OKC,reb,0,False,False,Adams REBOUND (Off:2 Def:3),,84-83,84,83
0021800065,2018-10-25,OKC,BOS,40.77,4,7,14,OKC,OKC,tov,39,False,False,Westbrook Step Out of Bounds Turnover (P3.T14),,84-83,84,83
0021800065,2018-10-25,OKC,BOS,40.97,4,7,2,BOS,BOS,fg_miss,6,True,False,,MISS Hayward 2' Driving Layup,84-83,84,83
0021800065,2018-10-25,OKC,BOS,40.97,4,7,2,BOS,OKC,block,6,True,False,block,block,84-83,84,83
0021800065,2018-10-25,OKC,BOS,40.98,4,7,1,BOS,BOS,reb,0,False,False,,Celtics Rebound,84-83,84,83
0021800065,2018-10-25,OKC,BOS,41.07,4,6,56,BOS,BOS,fg3_miss,1,False,False,,MISS Hayward 25' 3PT Jump Shot,84-83,84,83
0021800065,2018-10-25,OKC,BOS,41.12,4,6,53,OKC,OKC,reb,0,False,False,Patterson REBOUND (Off:2 Def:4),,84-83,84,83
0021800065,2018-10-25,OKC,BOS,41.25,4,6,45,OKC,OKC,fg_make,6,False,False,Diallo 2' Driving Layup (6 PTS),,86-83,86,83
0021800065,2018-10-25,OKC,BOS,41.58,4,6,25,BOS,BOS,fg_miss,66,False,False,,MISS Irving 10' Jump Bank Shot,86-83,86,83
0021800065,2018-10-25,OKC,BOS,41.62,4,6,23,OKC,OKC,reb,0,False,False,Patterson REBOUND (Off:2 Def:5),,86-83,86,83
0021800065,2018-10-25,OKC,BOS,41.62,4,6,23,OKC,,foul,11,False,False,,,86-83,86,83
0021800065,2018-10-25,OKC,BOS,41.62,4,6,23,OKC,OKC,timeout,1,False,False,THUNDER Timeout: Regular (Full 6 Short 0),,86-83,86,83
0021800065,2018-10-25,OKC,BOS,41.62,4,6,23,OKC,OKC,ft_miss,16,False,False,MISS Abrines Free Throw Technical,,86-83,86,83
0021800065,2018-10-25,OKC,BOS,41.62,4,6,23,OKC,OKC,reb,1,False,False,THUNDER Rebound,,86-83,86,83
0021800065,2018-10-25,OKC,BOS,41.78,4,6,13,OKC,OKC,fg3_miss,1,False,False,MISS Westbrook 25' 3PT Jump Shot,,86-83,86,83
0021800065,2018-10-25,OKC,BOS,41.83,4,6,10,BOS,BOS,reb,0,False,False,,Rozier REBOUND (Off:0 Def:3),86-83,86,83
0021800065,2018-10-25,OKC,BOS,42.23,4,5,46,BOS,BOS,fg_miss,6,True,False,,MISS Irving 3' Driving Layup,86-83,86,83
0021800065,2018-10-25,OKC,BOS,42.23,4,5,46,BOS,OKC,block,6,True,False,block,block,86-83,86,83
0021800065,2018-10-25,OKC,BOS,42.28,4,5,43,OKC,OKC,reb,0,False,False,George REBOUND (Off:2 Def:5),,86-83,86,83
0021800065,2018-10-25,OKC,BOS,42.37,4,5,38,OKC,OKC,fg_miss,1,False,False,MISS Adams 9' Jump Shot,,86-83,86,83
0021800065,2018-10-25,OKC,BOS,42.42,4,5,35,OKC,OKC,reb,0,False,False,Adams REBOUND (Off:3 Def:3),,86-83,86,83
0021800065,2018-10-25,OKC,BOS,42.42,4,5,35,,OKC,jump_ball,0,False,False,,,86-83,86,83
0021800065,2018-10-25,OKC,BOS,42.47,4,5,32,OKC,BOS,violation,4,False,False,,Horford Violation:Jump Ball (J.Capers),86-83,86,83
0021800065,2018-10-25,OKC,BOS,42.57,4,5,26,OKC,OKC,fg3_make,1,False,False,Abrines 25' 3PT Jump Shot (3 PTS) (Westbrook 7 AST),,89-83,89,83
0021800065,2018-10-25,OKC,BOS,42.82,4,5,11,BOS,OKC,foul,1,False,False,Abrines P.FOUL (P2.PN) (L.Wood),,89-83,89,83
0021800065,2018-10-25,OKC,BOS,42.82,4,5,11,BOS,BOS,ft_make,11,False,False,,Brown Free Throw 1 of 2 (5 PTS),89-84,89,84
0021800065,2018-10-25,OKC,BOS,42.82,4,5,11,BOS,BOS,ft_make,12,False,False,,Brown Free Throw 2 of 2 (6 PTS),89-85,89,85
0021800065,2018-10-25,OKC,BOS,43.05,4,4,57,OKC,OKC,fg3_make,1,False,False,Abrines 3PT Jump Shot (6 PTS) (Westbrook 8 AST),,92-85,92,85
0021800065,2018-10-25,OKC,BOS,43.3,4,4,42,BOS,BOS,fg3_miss,1,False,False,,MISS Horford 26' 3PT Jump Shot,92-85,92,85
0021800065,2018-10-25,OKC,BOS,43.35,4,4,39,OKC,OKC,reb,0,False,False,George REBOUND (Off:2 Def:6),,92-85,92,85
0021800065,2018-10-25,OKC,BOS,43.42,4,4,35,OKC,BOS,foul,1,False,False,,Brown P.FOUL (P2.T3) (R.Garretson),92-85,92,85
0021800065,2018-10-25,OKC,BOS,43.63,4,4,22,OKC,BOS,foul,2,False,False,,Tatum S.FOUL (P4.T4) (L.Wood),92-85,92,85
0021800065,2018-10-25,OKC,BOS,43.63,4,4,22,OKC,OKC,ft_make,11,False,False,George Free Throw 1 of 2 (21 PTS),,93-85,93,85
0021800065,2018-10-25,OKC,BOS,43.63,4,4,22,OKC,OKC,ft_make,12,False,False,George Free Throw 2 of 2 (22 PTS),,94-85,94,85
0021800065,2018-10-25,OKC,BOS,43.77,4,4,14,BOS,OKC,foul,1,False,False,George P.FOUL (P4.PN) (J.Capers),,94-85,94,85
0021800065,2018-10-25,OKC,BOS,43.77,4,4,14,BOS,BOS,ft_make,11,False,False,,Tatum Free Throw 1 of 2 (21 PTS),94-86,94,86
0021800065,2018-10-25,OKC,BOS,43.77,4,4,14,BOS,BOS,ft_make,12,False,False,,Tatum Free Throw 2 of 2 (22 PTS),94-87,94,87
0021800065,2018-10-25,OKC,BOS,43.92,4,4,5,OKC,OKC,fg_miss,79,False,False,MISS Westbrook 19' Pullup Jump Shot,,94-87,94,87
0021800065,2018-10-25,OKC,BOS,43.97,4,4,2,BOS,BOS,reb,0,False,False,,Irving REBOUND (Off:0 Def:2),94-87,94,87
0021800065,2018-10-25,OKC,BOS,44.03,4,3,58,BOS,BOS,fg3_miss,79,False,False,,MISS Morris Sr. 25' 3PT Pullup Jump Shot,94-87,94,87
0021800065,2018-10-25,OKC,BOS,44.07,4,3,56,OKC,OKC,reb,0,False,False,Abrines REBOUND (Off:0 Def:1),,94-87,94,87
0021800065,2018-10-25,OKC,BOS,44.18,4,3,49,OKC,OKC,fg3_miss,1,False,False,MISS Abrines 24' 3PT Jump Shot,,94-87,94,87
0021800065,2018-10-25,OKC,BOS,44.22,4,3,47,OKC,OKC,reb,0,False,False,Grant REBOUND (Off:2 Def:4),,94-87,94,87
0021800065,2018-10-25,OKC,BOS,44.4,4,3,36,OKC,OKC,fg3_miss,1,False,False,MISS Grant 24' 3PT Jump Shot,,94-87,94,87
0021800065,2018-10-25,OKC,BOS,44.43,4,3,34,BOS,BOS,reb,0,False,False,,Celtics Rebound,94-87,94,87
0021800065,2018-10-25,OKC,BOS,44.43,4,3,34,BOS,OKC,foul,3,False,False,Grant L.B.FOUL (P2.PN) (J.Capers),,94-87,94,87
0021800065,2018-10-25,OKC,BOS,44.43,4,3,34,BOS,BOS,ft_make,11,False,False,,Morris Sr. Free Throw 1 of 2 (16 PTS),94-88,94,88
0021800065,2018-10-25,OKC,BOS,44.43,4,3,34,BOS,BOS,ft_make,12,False,False,,Morris Sr. Free Throw 2 of 2 (17 PTS),94-89,94,89
0021800065,2018-10-25,OKC,BOS,44.62,4,3,23,OKC,OKC,fg3_miss,1,False,False,MISS George 26' 3PT Jump Shot,,94-89,94,89
0021800065,2018-10-25,OKC,BOS,44.65,4,3,21,BOS,BOS,reb,0,False,False,,Morris Sr. REBOUND (Off:0 Def:9),94-89,94,89
0021800065,2018-10-25,OKC,BOS,44.65,4,3,21,BOS,BOS,timeout,1,False,False,,Celtics Timeout: Regular (Reg.4 Short 0),94-89,94,89
0021800065,2018-10-25,OKC,BOS,44.8,4,3,12,BOS,BOS,fg_make,86,False,False,,Irving 11' Turnaround Fadeaway (13 PTS),94-91,94,91
0021800065,2018-10-25,OKC,BOS,45.12,4,2,53,OKC,OKC,tov,1,False,True,Westbrook Bad Pass Turnover (P4.T15),,94-91,94,91
0021800065,2018-10-25,OKC,BOS,45.12,4,2,53,OKC,BOS,steal,1,False,True,steal,steal,94-91,94,91
0021800065,2018-10-25,OKC,BOS,45.43,4,2,34,BOS,OKC,foul,1,False,False,Westbrook P.FOUL (P5.PN) (J.Capers),,94-91,94,91
0021800065,2018-10-25,OKC,BOS,45.43,4,2,34,BOS,BOS,ft_make,11,False,False,,Tatum Free Throw 1 of 2 (23 PTS),94-92,94,92
0021800065,2018-10-25,OKC,BOS,45.43,4,2,34,BOS,BOS,ft_make,12,False,False,,Tatum Free Throw 2 of 2 (24 PTS),94-93,94,93
0021800065,2018-10-25,OKC,BOS,45.72,4,2,17,OKC,OKC,fg_miss,79,False,False,MISS Westbrook 20' Pullup Jump Shot,,94-93,94,93
0021800065,2018-10-25,OKC,BOS,45.78,4,2,13,BOS,BOS,reb,0,False,False,,Irving REBOUND (Off:0 Def:3),94-93,94,93
0021800065,2018-10-25,OKC,BOS,45.97,4,2,2,BOS,BOS,fg3_miss,79,False,False,,MISS Irving 25' 3PT Pullup Jump Shot,94-93,94,93
0021800065,2018-10-25,OKC,BOS,46.0,4,2,0,OKC,OKC,reb,0,False,False,Westbrook REBOUND (Off:0 Def:13),,94-93,94,93
0021800065,2018-10-25,OKC,BOS,46.12,4,1,53,OKC,OKC,fg_miss,78,False,False,MISS Westbrook 7' Floating Jump Shot,,94-93,94,93
0021800065,2018-10-25,OKC,BOS,46.17,4,1,50,BOS,BOS,reb,0,False,False,,Irving REBOUND (Off:0 Def:4),94-93,94,93
0021800065,2018-10-25,OKC,BOS,46.5,4,1,30,BOS,BOS,tov,2,False,True,,Tatum Lost Ball Turnover (P2.T12),94-93,94,93
0021800065,2018-10-25,OKC,BOS,46.5,4,1,30,BOS,OKC,steal,2,False,True,steal,steal,94-93,94,93
0021800065,2018-10-25,OKC,BOS,46.67,4,1,20,OKC,BOS,foul,1,False,False,,Irving P.FOUL (P3.PN) (J.Capers),94-93,94,93
0021800065,2018-10-25,OKC,BOS,46.67,4,1,20,OKC,OKC,ft_make,11,False,False,Adams Free Throw 1 of 2 (12 PTS),,95-93,95,93
0021800065,2018-10-25,OKC,BOS,46.67,4,1,20,OKC,OKC,ft_miss,12,False,False,MISS Adams Free Throw 2 of 2,,95-93,95,93
0021800065,2018-10-25,OKC,BOS,46.7,4,1,18,BOS,BOS,reb,0,False,False,,Celtics Rebound,95-93,95,93
0021800065,2018-10-25,OKC,BOS,46.87,4,1,8,BOS,BOS,fg_miss,79,False,False,,MISS Tatum 16' Pullup Jump Shot,95-93,95,93
0021800065,2018-10-25,OKC,BOS,46.92,4,1,5,BOS,BOS,reb,0,False,False,,Irving REBOUND (Off:1 Def:4),95-93,95,93
0021800065,2018-10-25,OKC,BOS,47.07,4,0,56,BOS,BOS,fg_make,6,False,False,,Irving Driving Layup (15 PTS),95-95,95,95
0021800065,2018-10-25,OKC,BOS,47.25,4,0,45,OKC,OKC,fg3_miss,1,False,False,MISS Westbrook 25' 3PT Jump Shot,,95-95,95,95
0021800065,2018-10-25,OKC,BOS,47.3,4,0,42,BOS,BOS,reb,0,False,False,,Tatum REBOUND (Off:1 Def:5),95-95,95,95
0021800065,2018-10-25,OKC,BOS,47.43,4,0,34,BOS,BOS,timeout,1,False,False,,Celtics Timeout: Regular (Reg.5 Short 0),95-95,95,95
0021800065,2018-10-25,OKC,BOS,47.53,4,0,28,BOS,BOS,fg3_make,1,False,False,,Morris Sr. 25' 3PT Jump Shot (20 PTS) (Horford 2 AST),95-98,95,98
0021800065,2018-10-25,OKC,BOS,47.55,4,0,27,OKC,OKC,timeout,1,False,False,THUNDER Timeout: Regular (Full 7 Short 0),,95-98,95,98
0021800065,2018-10-25,OKC,BOS,47.57,4,0,26,OKC,OKC,fg3_miss,1,False,False,MISS Westbrook 28' 3PT Jump Shot,,95-98,95,98
0021800065,2018-10-25,OKC,BOS,47.62,4,0,23,BOS,BOS,reb,0,False,False,,Morris Sr. REBOUND (Off:0 Def:10),95-98,95,98
0021800065,2018-10-25,OKC,BOS,47.63,4,0,22,BOS,OKC,foul,1,False,False,George P.FOUL (P5.PN) (L.Wood),,95-98,95,98
0021800065,2018-10-25,OKC,BOS,47.63,4,0,22,BOS,BOS,ft_make,11,False,False,,Morris Sr. Free Throw 1 of 2 (21 PTS),95-99,95,99
0021800065,2018-10-25,OKC,BOS,47.63,4,0,22,BOS,BOS,ft_miss,12,False,False,,MISS Morris Sr. Free Throw 2 of 2,95-99,95,99
0021800065,2018-10-25,OKC,BOS,47.67,4,0,20,OKC,OKC,reb,0,False,False,Westbrook REBOUND (Off:0 Def:14),,95-99,95,99
0021800065,2018-10-25,OKC,BOS,47.73,4,0,16,OKC,OKC,fg3_miss,1,False,False,MISS George 24' 3PT Jump Shot,,95-99,95,99
0021800065,2018-10-25,OKC,BOS,47.78,4,0,13,OKC,OKC,reb,0,False,False,Westbrook REBOUND (Off:1 Def:14),,95-99,95,99
0021800065,2018-10-25,OKC,BOS,47.8,4,0,12,OKC,OKC,tov,40,False,False,Westbrook Out of Bounds Lost Ball Turnover (P5.T16),,95-99,95,99
0021800065,2018-10-25,OKC,BOS,47.8,4,0,12,BOS,BOS,timeout,1,False,False,,Celtics Timeout: Regular (Reg.6 Short 0),95-99,95,99
0021800065,2018-10-25,OKC,BOS,47.83,4,0,10,BOS,OKC,foul,28,False,False,Adams Personal Take Foul (P1.PN) (J.Capers),,95-99,95,99
0021800065,2018-10-25,OKC,BOS,47.83,4,0,10,BOS,BOS,ft_make,11,False,False,,Horford Free Throw 1 of 2 (18 PTS),95-100,95,100
0021800065,2018-10-25,OKC,BOS,47.83,4,0,10,BOS,BOS,ft_make,12,False,False,,Horford Free Throw 2 of 2 (19 PTS),95-101,95,101
0021800065,2018-10-25,OKC,BOS,47.93,4,0,4,OKC,OKC,fg3_miss,1,False,False,MISS Abrines 25' 3PT Jump Shot,,95-101,95,101
0021800065,2018-10-25,OKC,BOS,47.98,4,0,1,BOS,BOS,reb,0,False,False,,Horford REBOUND (Off:3 Def:6),95-101,95,101
0021800065,2018-10-25,OKC,BOS,48.0,4,0,0,BOS,,period_end,0,False,False,,,95-101,95,101
