game_id,date,home,vis,period,mins,secs,pos,team,event,event_deets,block,steal,home_desc,vis_desc,home_score,vis_score
0022100214,2021-11-17,DET,IND,1,12,0,,,period_start,0,False,False,,,0,0
0022100214,2021-11-17,DET,IND,1,12,0,,DET,jump_ball,0,False,False,Jump Ball Stewart vs. Turner: Tip to Sabonis,,0,0
0022100214,2021-11-17,DET,IND,1,11,43,IND,IND,fg_make,79,False,False,,Martin 16' Pullup Jump Shot (2 PTS),2,0
0022100214,2021-11-17,DET,IND,1,11,19,DET,DET,fg_miss,86,False,False,MISS Grant 15' Turnaround Fadeaway Shot,,2,0
0022100214,2021-11-17,DET,IND,1,11,15,IND,IND,reb,0,False,False,,Sabonis REBOUND (Off:0 Def:1),2,0
0022100214,2021-11-17,DET,IND,1,11,4,IND,DET,foul,2,False,False,Bey S.FOUL (P1.T1) (M.Myers),,2,0
0022100214,2021-11-17,DET,IND,1,11,4,IND,IND,ft_make,11,False,False,,Sabonis Free Throw 1 of 2 (1 PTS),3,0
0022100214,2021-11-17,DET,IND,1,11,4,IND,IND,ft_make,12,False,False,,Sabonis Free Throw 2 of 2 (2 PTS),4,0
0022100214,2021-11-17,DET,IND,1,10,50,DET,DET,tov,1,False,True,Cunningham Bad Pass Turnover (P1.T1),,4,0
0022100214,2021-11-17,DET,IND,1,10,50,DET,IND,steal,1,False,True,steal,steal,4,0
0022100214,2021-11-17,DET,IND,1,10,45,IND,IND,tov,1,False,True,,Martin Bad Pass Turnover (P1.T1),4,0
0022100214,2021-11-17,DET,IND,1,10,45,IND,DET,steal,1,False,True,steal,steal,4,0
0022100214,2021-11-17,DET,IND,1,10,38,DET,DET,fg3_make,2,False,False,Cunningham 25' 3PT Running Jump Shot (3 PTS) (Hayes 1 AST),,4,3
0022100214,2021-11-17,DET,IND,1,10,25,IND,IND,fg3_miss,1,False,False,,MISS Martin 25' 3PT Jump Shot,4,3
0022100214,2021-11-17,DET,IND,1,10,22,DET,DET,reb,0,False,False,Grant REBOUND (Off:0 Def:1),,4,3
0022100214,2021-11-17,DET,IND,1,10,13,DET,DET,fg3_miss,80,False,False,MISS Cunningham 25' 3PT Step Back Jump Shot,,4,3
0022100214,2021-11-17,DET,IND,1,10,8,IND,IND,reb,0,False,False,,Martin REBOUND (Off:0 Def:1),4,3
0022100214,2021-11-17,DET,IND,1,9,50,IND,IND,fg_miss,79,False,False,,MISS Brogdon 17' Pullup Jump Shot,4,3
0022100214,2021-11-17,DET,IND,1,9,46,DET,DET,reb,0,False,False,Hayes REBOUND (Off:0 Def:1),,4,3
0022100214,2021-11-17,DET,IND,1,9,28,DET,DET,fg_miss,63,False,False,MISS Cunningham 8' Fadeaway Jumper,,4,3
0022100214,2021-11-17,DET,IND,1,9,25,IND,IND,reb,0,False,False,,Brogdon REBOUND (Off:0 Def:1),4,3
0022100214,2021-11-17,DET,IND,1,9,22,IND,DET,foul,2,False,False,Grant S.FOUL (P1.T2) (J.Capers),,4,3
0022100214,2021-11-17,DET,IND,1,9,22,IND,IND,ft_make,11,False,False,,Sabonis Free Throw 1 of 2 (3 PTS),5,3
0022100214,2021-11-17,DET,IND,1,9,22,IND,IND,ft_make,12,False,False,,Sabonis Free Throw 2 of 2 (4 PTS),6,3
0022100214,2021-11-17,DET,IND,1,8,59,DET,DET,fg_miss,57,True,False,MISS Grant 6' Driving Hook Shot,,6,3
0022100214,2021-11-17,DET,IND,1,8,59,DET,IND,block,57,True,False,block,block,6,3
0022100214,2021-11-17,DET,IND,1,8,58,DET,DET,reb,0,False,False,Grant REBOUND (Off:1 Def:1),,6,3
0022100214,2021-11-17,DET,IND,1,8,58,DET,IND,foul,2,False,False,,Turner S.FOUL (P1.T1) (J.Capers),6,3
0022100214,2021-11-17,DET,IND,1,8,58,DET,DET,ft_miss,11,False,False,MISS Grant Free Throw 1 of 2,,6,3
0022100214,2021-11-17,DET,IND,1,8,58,DET,DET,reb,1,False,False,PISTONS Rebound,,6,3
0022100214,2021-11-17,DET,IND,1,8,58,DET,DET,ft_make,12,False,False,Grant Free Throw 2 of 2 (1 PTS),,6,4
0022100214,2021-11-17,DET,IND,1,8,47,IND,IND,fg3_miss,1,False,False,,MISS LeVert 25' 3PT Jump Shot,6,4
0022100214,2021-11-17,DET,IND,1,8,34,DET,DET,reb,0,False,False,Bey REBOUND (Off:0 Def:1),,6,4
0022100214,2021-11-17,DET,IND,1,8,23,DET,DET,tov,2,False,True,Grant Lost Ball Turnover (P1.T2),,6,4
0022100214,2021-11-17,DET,IND,1,8,23,DET,IND,steal,2,False,True,steal,steal,6,4
0022100214,2021-11-17,DET,IND,1,8,2,IND,IND,fg_make,75,False,False,,Brogdon 5' Driving Finger Roll Layup (2 PTS) (Martin 1 AST),8,4
0022100214,2021-11-17,DET,IND,1,7,53,DET,DET,timeout,1,False,False,PISTONS Timeout: Regular (Full 1 Short 0),,8,4
0022100214,2021-11-17,DET,IND,1,7,46,DET,DET,fg_miss,79,False,False,MISS Grant 21' Pullup Jump Shot,,8,4
0022100214,2021-11-17,DET,IND,1,7,41,DET,DET,reb,0,False,False,Stewart REBOUND (Off:1 Def:0),,8,4
0022100214,2021-11-17,DET,IND,1,7,39,DET,DET,fg_make,6,False,False,Grant 3' Driving Layup (3 PTS) (Stewart 1 AST),,8,6
0022100214,2021-11-17,DET,IND,1,7,20,IND,IND,tov,2,False,True,,Brogdon Lost Ball Turnover (P1.T2),8,6
0022100214,2021-11-17,DET,IND,1,7,20,IND,DET,steal,2,False,True,steal,steal,8,6
0022100214,2021-11-17,DET,IND,1,7,7,DET,DET,fg_miss,3,False,False,MISS Stewart 5' Hook Shot,,8,6
0022100214,2021-11-17,DET,IND,1,7,3,DET,DET,reb,0,False,False,Stewart REBOUND (Off:2 Def:0),,8,6
0022100214,2021-11-17,DET,IND,1,7,1,DET,DET,fg3_miss,1,False,False,MISS Cunningham 25' 3PT Jump Shot,,8,6
0022100214,2021-11-17,DET,IND,1,6,56,IND,IND,reb,0,False,False,,Sabonis REBOUND (Off:0 Def:2),8,6
0022100214,2021-11-17,DET,IND,1,6,42,IND,IND,tov,1,False,True,,Sabonis Bad Pass Turnover (P1.T3),8,6
0022100214,2021-11-17,DET,IND,1,6,42,IND,DET,steal,1,False,True,steal,steal,8,6
0022100214,2021-11-17,DET,IND,1,6,18,DET,DET,fg_make,6,False,False,Cunningham 3' Driving Layup (5 PTS),,8,8
0022100214,2021-11-17,DET,IND,1,5,53,IND,IND,fg_miss,102,False,False,,MISS Martin 8' Driving Floating Bank Jump Shot,8,8
0022100214,2021-11-17,DET,IND,1,5,50,DET,DET,reb,0,False,False,Cunningham REBOUND (Off:0 Def:1),,8,8
0022100214,2021-11-17,DET,IND,1,5,48,DET,IND,foul,2,False,False,,Craig S.FOUL (P1.T2) (M.Myers),8,8
0022100214,2021-11-17,DET,IND,1,5,48,DET,DET,ft_miss,11,False,False,MISS Grant Free Throw 1 of 2,,8,8
0022100214,2021-11-17,DET,IND,1,5,48,DET,DET,reb,1,False,False,PISTONS Rebound,,8,8
0022100214,2021-11-17,DET,IND,1,5,48,DET,DET,ft_make,12,False,False,Grant Free Throw 2 of 2 (4 PTS),,8,9
0022100214,2021-11-17,DET,IND,1,5,25,IND,IND,fg3_make,79,False,False,,Holiday 26' 3PT Pullup Jump Shot (3 PTS),11,9
0022100214,2021-11-17,DET,IND,1,5,5,DET,IND,foul,1,False,False,,Martin P.FOUL (P1.T3) (M.Smith),11,9
0022100214,2021-11-17,DET,IND,1,4,54,DET,DET,fg_make,6,False,False,Cunningham 5' Driving Layup (7 PTS),,11,11
0022100214,2021-11-17,DET,IND,1,4,45,IND,IND,fg_miss,6,False,False,,MISS Turner 6' Driving Layup,11,11
0022100214,2021-11-17,DET,IND,1,4,43,DET,DET,reb,0,False,False,Stewart REBOUND (Off:2 Def:1),,11,11
0022100214,2021-11-17,DET,IND,1,4,40,DET,DET,fg3_make,2,False,False,Jackson 3PT Running Jump Shot (3 PTS) (Hayes 2 AST),,11,14
0022100214,2021-11-17,DET,IND,1,4,37,IND,IND,timeout,1,False,False,,Pacers Timeout: Regular (Reg.1 Short 0),11,14
0022100214,2021-11-17,DET,IND,1,4,23,IND,IND,fg3_miss,1,False,False,,MISS Holiday 25' 3PT Jump Shot,11,14
0022100214,2021-11-17,DET,IND,1,4,22,IND,IND,reb,0,False,False,,Pacers Rebound,11,14
0022100214,2021-11-17,DET,IND,1,4,22,IND,DET,foul,3,False,False,Stewart L.B.FOUL (P1.T3) (J.Capers),,11,14
0022100214,2021-11-17,DET,IND,1,4,15,IND,IND,tov,2,False,True,,Holiday Lost Ball Turnover (P1.T4),11,14
0022100214,2021-11-17,DET,IND,1,4,15,IND,DET,steal,2,False,True,steal,steal,11,14
0022100214,2021-11-17,DET,IND,1,4,7,DET,DET,fg_make,79,False,False,Grant 19' Pullup Jump Shot (6 PTS) (Cunningham 1 AST),,11,16
0022100214,2021-11-17,DET,IND,1,3,47,IND,IND,tov,1,False,True,,Turner Bad Pass Turnover (P1.T5),11,16
0022100214,2021-11-17,DET,IND,1,3,47,IND,DET,steal,1,False,True,steal,steal,11,16
0022100214,2021-11-17,DET,IND,1,3,33,DET,DET,fg_miss,98,True,False,MISS Stewart 4' Cutting Layup Shot,,11,16
0022100214,2021-11-17,DET,IND,1,3,33,DET,IND,block,98,True,False,block,block,11,16
0022100214,2021-11-17,DET,IND,1,3,29,IND,IND,reb,0,False,False,,McConnell REBOUND (Off:0 Def:1),11,16
0022100214,2021-11-17,DET,IND,1,3,25,IND,IND,fg_miss,41,True,False,,MISS Martin 6' Running Layup,11,16
0022100214,2021-11-17,DET,IND,1,3,25,IND,DET,block,41,True,False,block,block,11,16
0022100214,2021-11-17,DET,IND,1,3,21,DET,DET,reb,0,False,False,Joseph REBOUND (Off:0 Def:1),,11,16
0022100214,2021-11-17,DET,IND,1,3,18,DET,DET,fg3_miss,1,False,False,MISS Jackson 3PT Jump Shot,,11,16
0022100214,2021-11-17,DET,IND,1,3,11,IND,IND,reb,0,False,False,,Holiday REBOUND (Off:0 Def:1),11,16
0022100214,2021-11-17,DET,IND,1,3,0,IND,IND,fg_miss,79,False,False,,MISS McConnell 15' Pullup Jump Shot,11,16
0022100214,2021-11-17,DET,IND,1,2,57,DET,DET,reb,0,False,False,Cunningham REBOUND (Off:0 Def:2),,11,16
0022100214,2021-11-17,DET,IND,1,2,48,DET,DET,fg3_miss,1,False,False,MISS Grant 26' 3PT Jump Shot,,11,16
0022100214,2021-11-17,DET,IND,1,2,44,IND,IND,reb,0,False,False,,McConnell REBOUND (Off:0 Def:2),11,16
0022100214,2021-11-17,DET,IND,1,2,31,IND,IND,fg_miss,58,False,False,,MISS Turner 6' Turnaround Hook Shot,11,16
0022100214,2021-11-17,DET,IND,1,2,28,DET,DET,reb,0,False,False,Stewart REBOUND (Off:2 Def:2),,11,16
0022100214,2021-11-17,DET,IND,1,2,27,DET,IND,foul,1,False,False,,Holiday P.FOUL (P1.T4) (M.Smith),11,16
0022100214,2021-11-17,DET,IND,1,2,17,DET,DET,fg3_miss,79,False,False,MISS Cunningham 25' 3PT Pullup Jump Shot,,11,16
0022100214,2021-11-17,DET,IND,1,2,13,IND,IND,reb,0,False,False,,Holiday REBOUND (Off:0 Def:2),11,16
0022100214,2021-11-17,DET,IND,1,2,8,IND,IND,fg3_make,1,False,False,,Brogdon 27' 3PT Jump Shot (5 PTS) (McConnell 1 AST),14,16
0022100214,2021-11-17,DET,IND,1,1,54,DET,DET,fg_miss,75,False,False,MISS Jackson 5' Driving Finger Roll Layup,,14,16
0022100214,2021-11-17,DET,IND,1,1,51,IND,IND,reb,0,False,False,,Sabonis REBOUND (Off:0 Def:3),14,16
0022100214,2021-11-17,DET,IND,1,1,33,IND,IND,fg_make,98,False,False,,Craig 6' Cutting Layup Shot (2 PTS) (Brogdon 1 AST),16,16
0022100214,2021-11-17,DET,IND,1,1,10,DET,DET,fg_make,6,False,False,Diallo 3' Driving Layup (2 PTS),,16,18
0022100214,2021-11-17,DET,IND,1,0,57,IND,IND,tov,2,False,True,,Sabonis Lost Ball Turnover (P2.T6),16,18
0022100214,2021-11-17,DET,IND,1,0,57,IND,DET,steal,2,False,True,steal,steal,16,18
0022100214,2021-11-17,DET,IND,1,0,50,DET,DET,fg_miss,6,False,False,MISS Lyles 5' Driving Layup,,16,18
0022100214,2021-11-17,DET,IND,1,0,46,IND,IND,reb,0,False,False,,Brogdon REBOUND (Off:0 Def:2),16,18
0022100214,2021-11-17,DET,IND,1,0,35,IND,IND,fg3_make,79,False,False,,Brogdon 29' 3PT Pullup Jump Shot (8 PTS),19,18
0022100214,2021-11-17,DET,IND,1,0,32,DET,DET,timeout,7,False,False,PISTONS Timeout: Coach Challenge (Full 1 Short 0),,19,18
0022100214,2021-11-17,DET,IND,1,0,32,DET,IND,foul,2,False,False,,McConnell S.FOUL (P1.PN) (M.Smith),19,18
0022100214,2021-11-17,DET,IND,1,0,32,DET,DET,fg_make,6,False,False,Joseph 2' Driving Layup (2 PTS),,19,20
0022100214,2021-11-17,DET,IND,1,0,32,DET,DET,ft_make,10,False,False,Joseph Free Throw 1 of 1 (3 PTS),,19,21
0022100214,2021-11-17,DET,IND,1,0,14,IND,IND,fg_make,1,False,False,,Holiday 14' Jump Shot (5 PTS),21,21
0022100214,2021-11-17,DET,IND,1,0,4,DET,DET,fg3_make,1,False,False,Jackson 27' 3PT Jump Shot (6 PTS) (Joseph 1 AST),,21,24
0022100214,2021-11-17,DET,IND,1,0,0,IND,IND,fg_miss,78,False,False,,MISS McConnell 13' Floating Jump Shot,21,24
0022100214,2021-11-17,DET,IND,1,0,0,IND,IND,reb,0,False,False,,Pacers Rebound,21,24
0022100214,2021-11-17,DET,IND,1,0,0,IND,,period_end,0,False,False,,,21,24
0022100214,2021-11-17,DET,IND,2,12,0,IND,,period_start,0,False,False,,,21,24
0022100214,2021-11-17,DET,IND,2,11,48,DET,DET,tov,4,False,False,Lyles Traveling Turnover (P1.T3),,21,24
0022100214,2021-11-17,DET,IND,2,11,31,IND,IND,fg3_miss,79,False,False,,MISS Lamb 26' 3PT Pullup Jump Shot,21,24
0022100214,2021-11-17,DET,IND,2,11,27,DET,DET,reb,0,False,False,Joseph REBOUND (Off:0 Def:2),,21,24
0022100214,2021-11-17,DET,IND,2,11,16,DET,DET,tov,40,False,False,Bey Out of Bounds Lost Ball Turnover (P1.T4),,21,24
0022100214,2021-11-17,DET,IND,2,11,1,IND,IND,tov,2,False,True,,Sabonis Lost Ball Turnover (P3.T7),21,24
0022100214,2021-11-17,DET,IND,2,11,1,IND,DET,steal,2,False,True,steal,steal,21,24
0022100214,2021-11-17,DET,IND,2,10,46,DET,DET,fg_make,79,False,False,Joseph 20' Pullup Jump Shot (5 PTS),,21,26
0022100214,2021-11-17,DET,IND,2,10,36,IND,DET,foul,1,False,False,Diallo P.FOUL (P1.T1) (J.Capers),,21,26
0022100214,2021-11-17,DET,IND,2,10,33,IND,DET,foul,1,False,False,Jackson P.FOUL (P1.T2) (M.Smith),,21,26
0022100214,2021-11-17,DET,IND,2,10,28,IND,IND,fg_make,6,False,False,,Brogdon 5' Driving Layup (10 PTS),23,26
0022100214,2021-11-17,DET,IND,2,10,8,DET,DET,fg3_miss,1,False,False,MISS Lyles 26' 3PT Jump Shot,,23,26
0022100214,2021-11-17,DET,IND,2,10,3,IND,IND,reb,0,False,False,,LeVert REBOUND (Off:0 Def:1),23,26
0022100214,2021-11-17,DET,IND,2,9,58,IND,IND,tov,1,False,True,,Brogdon Bad Pass Turnover (P2.T8),23,26
0022100214,2021-11-17,DET,IND,2,9,58,IND,DET,steal,1,False,True,steal,steal,23,26
0022100214,2021-11-17,DET,IND,2,9,57,DET,IND,foul,28,False,False,,Bitadze Personal Take Foul (P1.T1) (M.Myers),23,26
0022100214,2021-11-17,DET,IND,2,9,47,DET,DET,fg3_make,1,False,False,Bey 26' 3PT Jump Shot (3 PTS) (Jackson 1 AST),,23,29
0022100214,2021-11-17,DET,IND,2,9,33,IND,IND,fg_make,9,False,False,,Brogdon 5' Driving Dunk (12 PTS) (LeVert 1 AST),25,29
0022100214,2021-11-17,DET,IND,2,9,20,DET,DET,fg_make,63,False,False,Joseph 13' Fadeaway Jumper (7 PTS),,25,31
0022100214,2021-11-17,DET,IND,2,9,13,IND,DET,foul,1,False,False,Joseph P.FOUL (P1.T3) (M.Smith),,25,31
0022100214,2021-11-17,DET,IND,2,9,10,DET,IND,foul,4,False,False,,Brogdon OFF.Foul (P1) (M.Smith),25,31
0022100214,2021-11-17,DET,IND,2,9,10,IND,IND,tov,37,False,False,,Brogdon Offensive Foul Turnover (P3.T9),25,31
0022100214,2021-11-17,DET,IND,2,9,2,DET,IND,foul,2,False,False,,Brogdon S.FOUL (P2.T2) (M.Myers),25,31
0022100214,2021-11-17,DET,IND,2,9,2,DET,DET,ft_make,11,False,False,Joseph Free Throw 1 of 2 (8 PTS),,25,32
0022100214,2021-11-17,DET,IND,2,9,2,DET,DET,ft_miss,12,False,False,MISS Joseph Free Throw 2 of 2,,25,32
0022100214,2021-11-17,DET,IND,2,8,59,IND,IND,reb,0,False,False,,Bitadze REBOUND (Off:0 Def:1),25,32
0022100214,2021-11-17,DET,IND,2,8,42,IND,IND,fg3_miss,80,False,False,,MISS LeVert 28' 3PT Step Back Jump Shot,25,32
0022100214,2021-11-17,DET,IND,2,8,36,DET,DET,reb,0,False,False,Diallo REBOUND (Off:0 Def:1),,25,32
0022100214,2021-11-17,DET,IND,2,8,32,DET,DET,tov,1,False,True,Joseph Bad Pass Turnover (P1.T5),,25,32
0022100214,2021-11-17,DET,IND,2,8,32,DET,IND,steal,1,False,True,steal,steal,25,32
0022100214,2021-11-17,DET,IND,2,8,17,IND,IND,fg_miss,5,False,False,,MISS Sabonis 3' Layup,25,32
0022100214,2021-11-17,DET,IND,2,8,13,DET,DET,reb,0,False,False,Lyles REBOUND (Off:0 Def:1),,25,32
0022100214,2021-11-17,DET,IND,2,8,10,DET,DET,fg_make,6,False,False,Joseph 2' Driving Layup (10 PTS) (Jackson 2 AST),,25,34
0022100214,2021-11-17,DET,IND,2,8,9,IND,IND,timeout,1,False,False,,Pacers Timeout: Regular (Reg.2 Short 0),25,34
0022100214,2021-11-17,DET,IND,2,7,50,IND,IND,fg_make,108,False,False,,Sabonis 4' Cutting Dunk Shot (6 PTS) (Lamb 1 AST),27,34
0022100214,2021-11-17,DET,IND,2,7,34,DET,DET,fg_miss,63,False,False,MISS Bey 14' Fadeaway Jumper,,27,34
0022100214,2021-11-17,DET,IND,2,7,33,DET,DET,reb,0,False,False,PISTONS Rebound,,27,34
0022100214,2021-11-17,DET,IND,2,7,33,DET,IND,foul,3,False,False,,Bitadze L.B.FOUL (P2.T3) (J.Capers),27,34
0022100214,2021-11-17,DET,IND,2,7,24,DET,DET,fg3_miss,1,False,False,MISS Lyles 28' 3PT Jump Shot,,27,34
0022100214,2021-11-17,DET,IND,2,7,22,DET,DET,reb,0,False,False,Bey REBOUND (Off:1 Def:1),,27,34
0022100214,2021-11-17,DET,IND,2,7,17,DET,DET,fg_miss,79,False,False,MISS Bey 12' Pullup Jump Shot,,27,34
0022100214,2021-11-17,DET,IND,2,7,13,IND,IND,reb,0,False,False,,Lamb REBOUND (Off:0 Def:1),27,34
0022100214,2021-11-17,DET,IND,2,7,7,IND,IND,fg_miss,6,True,False,,MISS LeVert 5' Driving Layup,27,34
0022100214,2021-11-17,DET,IND,2,7,7,IND,DET,block,6,True,False,block,block,27,34
0022100214,2021-11-17,DET,IND,2,7,3,DET,DET,reb,0,False,False,Joseph REBOUND (Off:0 Def:3),,27,34
0022100214,2021-11-17,DET,IND,2,7,0,DET,DET,fg_make,41,False,False,Lyles 3' Running Layup (2 PTS) (Joseph 2 AST),,27,36
0022100214,2021-11-17,DET,IND,2,6,44,IND,IND,fg3_miss,1,False,False,,MISS LeVert 24' 3PT Jump Shot,27,36
0022100214,2021-11-17,DET,IND,2,6,41,IND,IND,reb,0,False,False,,Turner REBOUND (Off:1 Def:0),27,36
0022100214,2021-11-17,DET,IND,2,6,40,IND,IND,tov,1,False,True,,Turner Bad Pass Turnover (P2.T10),27,36
0022100214,2021-11-17,DET,IND,2,6,40,DET,DET,tov,39,False,False,Bey Step Out of Bounds Turnover (P2.T6),,27,36
0022100214,2021-11-17,DET,IND,2,6,40,IND,DET,steal,1,False,True,steal,steal,27,36
0022100214,2021-11-17,DET,IND,2,6,33,IND,DET,foul,2,False,False,Joseph S.FOUL (P2.T4) (M.Smith),,27,36
0022100214,2021-11-17,DET,IND,2,6,33,IND,IND,ft_make,11,False,False,,McConnell Free Throw 1 of 2 (1 PTS),28,36
0022100214,2021-11-17,DET,IND,2,6,33,IND,IND,ft_make,12,False,False,,McConnell Free Throw 2 of 2 (2 PTS),29,36
0022100214,2021-11-17,DET,IND,2,6,21,IND,DET,foul,4,False,False,Stewart OFF.Foul (P2) (M.Myers),,29,36
0022100214,2021-11-17,DET,IND,2,6,21,DET,DET,tov,37,False,False,Stewart Offensive Foul Turnover (P1.T7),,29,36
0022100214,2021-11-17,DET,IND,2,6,11,IND,DET,foul,2,False,False,Bey S.FOUL (P2.PN) (J.Capers),,29,36
0022100214,2021-11-17,DET,IND,2,6,11,IND,IND,ft_make,11,False,False,,Lamb Free Throw 1 of 2 (1 PTS),30,36
0022100214,2021-11-17,DET,IND,2,6,11,IND,IND,ft_make,12,False,False,,Lamb Free Throw 2 of 2 (2 PTS),31,36
0022100214,2021-11-17,DET,IND,2,5,59,DET,DET,fg_make,98,False,False,Stewart 5' Cutting Layup Shot (2 PTS) (Hayes 3 AST),,31,38
0022100214,2021-11-17,DET,IND,2,5,59,DET,IND,foul,2,False,False,,Craig S.FOUL (P2.T4) (J.Capers),31,38
0022100214,2021-11-17,DET,IND,2,5,59,DET,DET,ft_make,10,False,False,Stewart Free Throw 1 of 1 (3 PTS),,31,39
0022100214,2021-11-17,DET,IND,2,5,39,IND,IND,fg_make,6,False,False,,Turner 5' Driving Layup (2 PTS) (McConnell 2 AST),33,39
0022100214,2021-11-17,DET,IND,2,5,33,DET,DET,fg3_miss,1,False,False,MISS Grant 31' 3PT Jump Shot,,33,39
0022100214,2021-11-17,DET,IND,2,5,29,IND,IND,reb,0,False,False,,Brogdon REBOUND (Off:0 Def:3),33,39
0022100214,2021-11-17,DET,IND,2,5,23,IND,IND,fg3_make,1,False,False,,Lamb 27' 3PT Jump Shot (5 PTS) (Brogdon 2 AST),36,39
0022100214,2021-11-17,DET,IND,2,4,59,DET,DET,fg_miss,3,False,False,MISS Bey 6' Hook Shot,,36,39
0022100214,2021-11-17,DET,IND,2,4,51,DET,DET,reb,0,False,False,Bey REBOUND (Off:2 Def:1),,36,39
0022100214,2021-11-17,DET,IND,2,4,51,DET,DET,fg_miss,97,False,False,MISS Bey Tip Layup Shot,,36,39
0022100214,2021-11-17,DET,IND,2,4,50,IND,IND,reb,0,False,False,,Brogdon REBOUND (Off:0 Def:4),36,39
0022100214,2021-11-17,DET,IND,2,4,47,IND,IND,fg_make,6,False,False,,Brogdon 4' Driving Layup (14 PTS) (McConnell 3 AST),38,39
0022100214,2021-11-17,DET,IND,2,4,42,DET,DET,timeout,1,False,False,PISTONS Timeout: Regular (Full 2 Short 0),,38,39
0022100214,2021-11-17,DET,IND,2,4,20,DET,DET,fg_make,78,False,False,Hayes 13' Floating Jump Shot (2 PTS) (Stewart 2 AST),,38,41
0022100214,2021-11-17,DET,IND,2,4,8,IND,IND,tov,40,False,False,,Brogdon Out of Bounds Lost Ball Turnover (P4.T11),38,41
0022100214,2021-11-17,DET,IND,2,3,52,DET,DET,fg_miss,78,False,False,MISS Cunningham 6' Floating Jump Shot,,38,41
0022100214,2021-11-17,DET,IND,2,3,44,DET,DET,reb,0,False,False,Stewart REBOUND (Off:3 Def:2),,38,41
0022100214,2021-11-17,DET,IND,2,3,44,DET,DET,fg_miss,97,False,False,MISS Stewart Tip Layup Shot,,38,41
0022100214,2021-11-17,DET,IND,2,3,44,IND,IND,reb,0,False,False,,Turner REBOUND (Off:1 Def:1),38,41
0022100214,2021-11-17,DET,IND,2,3,40,IND,IND,fg3_make,1,False,False,,Turner 27' 3PT Jump Shot (5 PTS) (McConnell 4 AST),41,41
0022100214,2021-11-17,DET,IND,2,3,30,IND,DET,foul,4,False,False,Hayes OFF.Foul (P1) (M.Smith),,41,41
0022100214,2021-11-17,DET,IND,2,3,30,DET,DET,tov,37,False,False,Hayes Offensive Foul Turnover (P1.T8),,41,41
0022100214,2021-11-17,DET,IND,2,3,7,IND,IND,fg3_miss,1,False,False,,MISS Brogdon 25' 3PT Jump Shot,41,41
0022100214,2021-11-17,DET,IND,2,3,3,DET,DET,reb,0,False,False,Stewart REBOUND (Off:3 Def:3),,41,41
0022100214,2021-11-17,DET,IND,2,2,57,DET,DET,fg_make,76,False,False,Grant 3' Running Finger Roll Layup (8 PTS) (Hayes 4 AST),,41,43
0022100214,2021-11-17,DET,IND,2,2,42,IND,IND,fg_miss,6,True,False,,MISS Brogdon 6' Driving Layup,41,43
0022100214,2021-11-17,DET,IND,2,2,42,IND,DET,block,6,True,False,block,block,41,43
0022100214,2021-11-17,DET,IND,2,2,38,DET,DET,reb,0,False,False,Cunningham REBOUND (Off:0 Def:3),,41,43
0022100214,2021-11-17,DET,IND,2,2,35,DET,DET,fg_make,50,False,False,Bey 3' Running Dunk (5 PTS) (Cunningham 2 AST),,41,45
0022100214,2021-11-17,DET,IND,2,2,30,IND,IND,timeout,1,False,False,,Pacers Timeout: Regular (Reg.3 Short 0),41,45
0022100214,2021-11-17,DET,IND,2,2,21,IND,IND,fg_miss,1,True,False,,MISS McConnell 10' Jump Shot,41,45
0022100214,2021-11-17,DET,IND,2,2,21,IND,DET,block,1,True,False,block,block,41,45
0022100214,2021-11-17,DET,IND,2,2,18,DET,DET,reb,0,False,False,Hayes REBOUND (Off:0 Def:2),,41,45
0022100214,2021-11-17,DET,IND,2,2,8,DET,DET,fg3_miss,79,False,False,MISS Cunningham 26' 3PT Pullup Jump Shot,,41,45
0022100214,2021-11-17,DET,IND,2,2,4,IND,IND,reb,0,False,False,,LeVert REBOUND (Off:0 Def:2),41,45
0022100214,2021-11-17,DET,IND,2,1,57,IND,IND,tov,1,False,True,,Turner Bad Pass Turnover (P3.T12),41,45
0022100214,2021-11-17,DET,IND,2,1,57,IND,DET,steal,1,False,True,steal,steal,41,45
0022100214,2021-11-17,DET,IND,2,1,45,DET,DET,fg_make,3,False,False,Stewart 7' Hook Shot (5 PTS),,41,47
0022100214,2021-11-17,DET,IND,2,1,31,IND,IND,fg3_miss,79,False,False,,MISS Brogdon 25' 3PT Pullup Jump Shot,41,47
0022100214,2021-11-17,DET,IND,2,1,31,IND,IND,reb,0,False,False,,Sabonis REBOUND (Off:1 Def:3),41,47
0022100214,2021-11-17,DET,IND,2,1,27,IND,IND,tov,1,False,True,,Sabonis Bad Pass Turnover (P4.T13),41,47
0022100214,2021-11-17,DET,IND,2,1,27,DET,IND,foul,28,False,False,,McConnell Personal Take Foul (P2.PN) (M.Smith),41,47
0022100214,2021-11-17,DET,IND,2,1,27,DET,DET,ft_make,11,False,False,Cunningham Free Throw 1 of 2 (8 PTS),,41,48
0022100214,2021-11-17,DET,IND,2,1,27,DET,DET,ft_make,12,False,False,Cunningham Free Throw 2 of 2 (9 PTS),,41,49
0022100214,2021-11-17,DET,IND,2,1,27,IND,DET,steal,1,False,True,steal,steal,41,47
0022100214,2021-11-17,DET,IND,2,1,6,IND,IND,fg3_miss,1,False,False,,MISS LeVert 27' 3PT Jump Shot,41,49
0022100214,2021-11-17,DET,IND,2,1,2,DET,DET,reb,0,False,False,Stewart REBOUND (Off:3 Def:4),,41,49
0022100214,2021-11-17,DET,IND,2,0,50,DET,DET,fg_miss,3,False,False,MISS Cunningham 8' Hook Shot,,41,49
0022100214,2021-11-17,DET,IND,2,0,50,IND,IND,reb,0,False,False,,Pacers Rebound,41,49
0022100214,2021-11-17,DET,IND,2,0,28,IND,IND,fg_miss,79,False,False,,MISS Brogdon 18' Pullup Jump Shot,41,49
0022100214,2021-11-17,DET,IND,2,0,25,DET,DET,reb,0,False,False,Stewart REBOUND (Off:3 Def:5),,41,49
0022100214,2021-11-17,DET,IND,2,0,4,DET,DET,tov,1,False,True,Hayes Bad Pass Turnover (P2.T9),,41,49
0022100214,2021-11-17,DET,IND,2,0,4,DET,IND,steal,1,False,True,steal,steal,41,49
0022100214,2021-11-17,DET,IND,2,0,1,IND,IND,tov,45,False,False,,LeVert Out of Bounds - Bad Pass Turnover Turnover (P1.T14),41,49
0022100214,2021-11-17,DET,IND,2,0,0,DET,DET,fg3_miss,1,False,False,MISS Joseph 47' 3PT Jump Shot,,41,49
0022100214,2021-11-17,DET,IND,2,0,0,DET,DET,reb,0,False,False,PISTONS Rebound,,41,49
0022100214,2021-11-17,DET,IND,2,0,0,DET,,period_end,0,False,False,,,41,49
0022100214,2021-11-17,DET,IND,3,12,0,DET,,period_start,0,False,False,,,41,49
0022100214,2021-11-17,DET,IND,3,11,48,DET,IND,foul,2,False,False,,Martin S.FOUL (P2.T1) (J.Capers),41,49
0022100214,2021-11-17,DET,IND,3,11,48,DET,DET,ft_make,11,False,False,Grant Free Throw 1 of 2 (9 PTS),,41,50
0022100214,2021-11-17,DET,IND,3,11,48,DET,DET,ft_make,12,False,False,Grant Free Throw 2 of 2 (10 PTS),,41,51
0022100214,2021-11-17,DET,IND,3,11,40,IND,DET,foul,1,False,False,Hayes P.FOUL (P2.T1) (M.Myers),,41,51
0022100214,2021-11-17,DET,IND,3,11,28,IND,IND,fg_make,66,False,False,,LeVert 7' Jump Bank Shot (2 PTS),43,51
0022100214,2021-11-17,DET,IND,3,11,28,IND,DET,foul,2,False,False,Cunningham S.FOUL (P1.T2) (J.Capers),,43,51
0022100214,2021-11-17,DET,IND,3,11,28,IND,IND,ft_make,10,False,False,,LeVert Free Throw 1 of 1 (3 PTS),44,51
0022100214,2021-11-17,DET,IND,3,11,12,DET,DET,fg_miss,1,False,False,MISS Bey 22' Jump Shot,,44,51
0022100214,2021-11-17,DET,IND,3,11,9,DET,DET,reb,0,False,False,Hayes REBOUND (Off:1 Def:2),,44,51
0022100214,2021-11-17,DET,IND,3,11,6,DET,DET,fg3_miss,1,False,False,MISS Cunningham 26' 3PT Jump Shot,,44,51
0022100214,2021-11-17,DET,IND,3,11,2,IND,IND,reb,0,False,False,,Turner REBOUND (Off:1 Def:2),44,51
0022100214,2021-11-17,DET,IND,3,11,1,IND,IND,tov,1,False,True,,Turner Bad Pass Turnover (P4.T15),44,51
0022100214,2021-11-17,DET,IND,3,11,1,IND,DET,steal,1,False,True,steal,steal,44,51
0022100214,2021-11-17,DET,IND,3,10,56,DET,DET,fg_miss,44,False,False,MISS Bey 4' Reverse Layup,,44,51
0022100214,2021-11-17,DET,IND,3,10,53,IND,IND,reb,0,False,False,,Turner REBOUND (Off:1 Def:3),44,51
0022100214,2021-11-17,DET,IND,3,10,50,IND,IND,fg3_miss,103,False,False,,MISS LeVert 27' 3PT Running Pull-Up Jump Shot,44,51
0022100214,2021-11-17,DET,IND,3,10,46,DET,DET,reb,0,False,False,Hayes REBOUND (Off:1 Def:3),,44,51
0022100214,2021-11-17,DET,IND,3,10,27,DET,DET,fg3_miss,1,False,False,MISS Grant 24' 3PT Jump Shot,,44,51
0022100214,2021-11-17,DET,IND,3,10,25,IND,IND,reb,0,False,False,,Sabonis REBOUND (Off:1 Def:4),44,51
0022100214,2021-11-17,DET,IND,3,10,10,IND,IND,fg3_miss,1,False,False,,MISS Brogdon 27' 3PT Jump Shot,44,51
0022100214,2021-11-17,DET,IND,3,10,6,DET,DET,reb,0,False,False,Stewart REBOUND (Off:3 Def:6),,44,51
0022100214,2021-11-17,DET,IND,3,9,47,DET,DET,fg_make,79,False,False,Cunningham 13' Pullup Jump Shot (11 PTS),,44,53
0022100214,2021-11-17,DET,IND,3,9,33,IND,IND,fg3_miss,1,False,False,,MISS Turner 29' 3PT Jump Shot,44,53
0022100214,2021-11-17,DET,IND,3,9,29,DET,DET,reb,0,False,False,Grant REBOUND (Off:1 Def:2),,44,53
0022100214,2021-11-17,DET,IND,3,9,21,DET,DET,fg_make,6,False,False,Grant 4' Driving Layup (12 PTS),,44,55
0022100214,2021-11-17,DET,IND,3,9,7,IND,IND,fg_make,6,False,False,,LeVert 4' Driving Layup (5 PTS),46,55
0022100214,2021-11-17,DET,IND,3,8,55,DET,DET,fg_make,75,False,False,Hayes 3' Driving Finger Roll Layup (4 PTS),,46,57
0022100214,2021-11-17,DET,IND,3,8,53,IND,IND,timeout,1,False,False,,Pacers Timeout: Regular (Reg.4 Short 0),46,57
0022100214,2021-11-17,DET,IND,3,8,36,IND,IND,fg_make,6,False,False,,LeVert 4' Driving Layup (7 PTS),48,57
0022100214,2021-11-17,DET,IND,3,8,23,DET,DET,tov,4,False,False,Hayes Traveling Turnover (P3.T10),,48,57
0022100214,2021-11-17,DET,IND,3,8,8,IND,IND,fg_make,1,False,False,,LeVert 12' Jump Shot (9 PTS),50,57
0022100214,2021-11-17,DET,IND,3,7,53,DET,DET,fg3_miss,1,False,False,MISS Bey 26' 3PT Jump Shot,,50,57
0022100214,2021-11-17,DET,IND,3,7,49,IND,IND,reb,0,False,False,,Brogdon REBOUND (Off:0 Def:5),50,57
0022100214,2021-11-17,DET,IND,3,7,46,IND,IND,fg3_make,103,False,False,,LeVert 26' 3PT Running Pull-Up Jump Shot (12 PTS) (Brogdon 3 AST),53,57
0022100214,2021-11-17,DET,IND,3,7,28,DET,IND,foul,2,False,False,,LeVert S.FOUL (P1.T2) (J.Capers),53,57
0022100214,2021-11-17,DET,IND,3,7,28,DET,DET,ft_make,11,False,False,Grant Free Throw 1 of 2 (13 PTS),,53,58
0022100214,2021-11-17,DET,IND,3,7,28,DET,DET,ft_make,12,False,False,Grant Free Throw 2 of 2 (14 PTS),,53,59
0022100214,2021-11-17,DET,IND,3,7,18,IND,IND,fg3_miss,1,False,False,,MISS Brogdon 27' 3PT Jump Shot,53,59
0022100214,2021-11-17,DET,IND,3,7,13,DET,DET,reb,0,False,False,Stewart REBOUND (Off:3 Def:7),,53,59
0022100214,2021-11-17,DET,IND,3,7,4,DET,DET,fg_miss,86,False,False,MISS Cunningham 13' Turnaround Fadeaway Shot,,53,59
0022100214,2021-11-17,DET,IND,3,7,3,IND,IND,reb,0,False,False,,Sabonis REBOUND (Off:1 Def:5),53,59
0022100214,2021-11-17,DET,IND,3,7,3,IND,DET,foul,1,False,False,Hayes P.FOUL (P3.T3) (M.Smith),,53,59
0022100214,2021-11-17,DET,IND,3,6,51,IND,IND,fg_miss,5,True,False,,MISS Sabonis 4' Layup,53,59
0022100214,2021-11-17,DET,IND,3,6,51,IND,DET,block,5,True,False,block,block,53,59
0022100214,2021-11-17,DET,IND,3,6,47,IND,IND,reb,0,False,False,,Sabonis REBOUND (Off:2 Def:5),53,59
0022100214,2021-11-17,DET,IND,3,6,46,IND,IND,fg_make,5,False,False,,Sabonis 2' Layup (8 PTS),55,59
0022100214,2021-11-17,DET,IND,3,6,31,DET,DET,fg3_miss,1,False,False,MISS Grant 24' 3PT Jump Shot,,55,59
0022100214,2021-11-17,DET,IND,3,6,29,IND,IND,reb,0,False,False,,Sabonis REBOUND (Off:2 Def:6),55,59
0022100214,2021-11-17,DET,IND,3,6,21,IND,DET,foul,1,False,False,Hayes P.FOUL (P4.T4) (M.Smith),,55,59
0022100214,2021-11-17,DET,IND,3,6,11,IND,IND,fg_miss,101,False,False,,MISS LeVert 11' Driving Floating Jump Shot,55,59
0022100214,2021-11-17,DET,IND,3,6,11,IND,IND,reb,0,False,False,,Pacers Rebound,55,59
0022100214,2021-11-17,DET,IND,3,6,11,IND,DET,foul,3,False,False,Stewart L.B.FOUL (P3.PN) (M.Myers),,55,59
0022100214,2021-11-17,DET,IND,3,6,11,IND,IND,ft_make,11,False,False,,Sabonis Free Throw 1 of 2 (9 PTS),56,59
0022100214,2021-11-17,DET,IND,3,6,11,IND,IND,ft_make,12,False,False,,Sabonis Free Throw 2 of 2 (10 PTS),57,59
0022100214,2021-11-17,DET,IND,3,5,46,DET,DET,fg_miss,63,True,False,MISS Grant 15' Fadeaway Jumper,,57,59
0022100214,2021-11-17,DET,IND,3,5,46,IND,IND,reb,0,False,False,,McConnell REBOUND (Off:0 Def:3),57,59
0022100214,2021-11-17,DET,IND,3,5,46,DET,IND,block,63,True,False,block,block,57,59
0022100214,2021-11-17,DET,IND,3,5,37,IND,IND,fg_make,58,False,False,,Sabonis 4' Turnaround Hook Shot (12 PTS),59,59
0022100214,2021-11-17,DET,IND,3,5,37,DET,DET,timeout,1,False,False,PISTONS Timeout: Regular (Full 3 Short 0),,59,59
0022100214,2021-11-17,DET,IND,3,5,15,DET,DET,fg_make,101,False,False,Jackson 8' Driving Floating Jump Shot (8 PTS) (Cunningham 3 AST),,59,61
0022100214,2021-11-17,DET,IND,3,4,58,IND,IND,fg_miss,79,False,False,,MISS Martin 21' Pullup Jump Shot,59,61
0022100214,2021-11-17,DET,IND,3,4,54,DET,DET,reb,0,False,False,Cunningham REBOUND (Off:0 Def:4),,59,61
0022100214,2021-11-17,DET,IND,3,4,43,DET,DET,tov,4,False,False,Grant Traveling Turnover (P2.T11),,59,61
0022100214,2021-11-17,DET,IND,3,4,35,IND,IND,fg_make,5,False,False,,McConnell 4' Layup (4 PTS),61,61
0022100214,2021-11-17,DET,IND,3,4,35,IND,DET,violation,2,False,False,Stewart Violation:Defensive Goaltending (M.Smith),,61,61
0022100214,2021-11-17,DET,IND,3,4,20,DET,DET,fg_make,6,False,False,Joseph 6' Driving Layup (12 PTS),,61,63
0022100214,2021-11-17,DET,IND,3,4,0,IND,IND,fg3_make,79,False,False,,Brogdon 31' 3PT Pullup Jump Shot (17 PTS),64,63
0022100214,2021-11-17,DET,IND,3,3,51,DET,DET,fg3_miss,79,False,False,MISS Cunningham 26' 3PT Pullup Jump Shot,,64,63
0022100214,2021-11-17,DET,IND,3,3,47,IND,IND,reb,0,False,False,,Martin REBOUND (Off:0 Def:2),64,63
0022100214,2021-11-17,DET,IND,3,3,32,IND,IND,fg3_miss,1,False,False,,MISS Sabonis 28' 3PT Jump Shot,64,63
0022100214,2021-11-17,DET,IND,3,3,29,IND,IND,reb,0,False,False,,Martin REBOUND (Off:1 Def:2),64,63
0022100214,2021-11-17,DET,IND,3,3,27,IND,IND,fg_make,5,False,False,,Sabonis 3' Layup (14 PTS) (Martin 2 AST),66,63
0022100214,2021-11-17,DET,IND,3,3,10,DET,DET,fg3_miss,1,False,False,MISS Joseph 3PT Jump Shot,,66,63
0022100214,2021-11-17,DET,IND,3,3,10,IND,IND,reb,0,False,False,,Pacers Rebound,66,63
0022100214,2021-11-17,DET,IND,3,3,10,IND,DET,foul,3,False,False,Stewart L.B.FOUL (P4.PN) (M.Myers),,66,63
0022100214,2021-11-17,DET,IND,3,3,10,IND,IND,ft_miss,11,False,False,,MISS Turner Free Throw 1 of 2,66,63
0022100214,2021-11-17,DET,IND,3,3,10,IND,IND,reb,1,False,False,,Pacers Rebound,66,63
0022100214,2021-11-17,DET,IND,3,3,10,IND,IND,ft_make,12,False,False,,Turner Free Throw 2 of 2 (6 PTS),67,63
0022100214,2021-11-17,DET,IND,3,2,57,DET,IND,foul,2,False,False,,Martin S.FOUL (P3.T3) (M.Myers),67,63
0022100214,2021-11-17,DET,IND,3,2,57,DET,DET,ft_miss,11,False,False,MISS Cunningham Free Throw 1 of 2,,67,63
0022100214,2021-11-17,DET,IND,3,2,57,DET,DET,reb,1,False,False,PISTONS Rebound,,67,63
0022100214,2021-11-17,DET,IND,3,2,57,DET,DET,ft_make,12,False,False,Cunningham Free Throw 2 of 2 (12 PTS),,67,64
0022100214,2021-11-17,DET,IND,3,2,36,IND,IND,fg_make,79,False,False,,Craig 18' Pullup Jump Shot (4 PTS),69,64
0022100214,2021-11-17,DET,IND,3,2,20,DET,DET,fg3_make,1,False,False,Bey 26' 3PT Jump Shot (8 PTS) (Cunningham 4 AST),,69,67
0022100214,2021-11-17,DET,IND,3,2,2,IND,IND,fg3_miss,1,False,False,,MISS Craig 25' 3PT Jump Shot,69,67
0022100214,2021-11-17,DET,IND,3,1,59,DET,DET,reb,0,False,False,PISTONS Rebound,,69,67
0022100214,2021-11-17,DET,IND,3,1,57,,DET,jump_ball,0,False,False,Jump Ball Lyles vs. McConnell: Tip to Joseph,,69,67
0022100214,2021-11-17,DET,IND,3,1,45,DET,DET,fg_make,75,False,False,Bey 5' Driving Finger Roll Layup (10 PTS),,69,69
0022100214,2021-11-17,DET,IND,3,1,29,IND,IND,fg3_miss,1,False,False,,MISS Turner 28' 3PT Jump Shot,69,69
0022100214,2021-11-17,DET,IND,3,1,26,DET,DET,reb,0,False,False,Bey REBOUND (Off:2 Def:2),,69,69
0022100214,2021-11-17,DET,IND,3,1,9,DET,DET,fg3_make,80,False,False,Bey 25' 3PT Step Back Jump Shot (13 PTS),,69,72
0022100214,2021-11-17,DET,IND,3,0,54,IND,IND,fg_make,6,False,False,,Craig 6' Driving Layup (6 PTS),71,72
0022100214,2021-11-17,DET,IND,3,0,51,DET,DET,tov,1,False,True,Bey Bad Pass Turnover (P3.T12),,71,72
0022100214,2021-11-17,DET,IND,3,0,51,DET,IND,steal,1,False,True,steal,steal,71,72
0022100214,2021-11-17,DET,IND,3,0,49,IND,IND,fg_make,5,False,False,,McConnell 3' Layup (6 PTS),73,72
0022100214,2021-11-17,DET,IND,3,0,33,DET,IND,foul,2,False,False,,Turner S.FOUL (P2.T4) (J.Capers),73,72
0022100214,2021-11-17,DET,IND,3,0,33,DET,DET,ft_make,11,False,False,Bey Free Throw 1 of 2 (14 PTS),,73,73
0022100214,2021-11-17,DET,IND,3,0,33,DET,DET,ft_miss,12,False,False,MISS Bey Free Throw 2 of 2,,73,73
0022100214,2021-11-17,DET,IND,3,0,29,IND,IND,reb,0,False,False,,Sabonis REBOUND (Off:2 Def:7),73,73
0022100214,2021-11-17,DET,IND,3,0,18,IND,IND,timeout,1,False,False,,Pacers Timeout: Regular (Reg.5 Short 0),73,73
0022100214,2021-11-17,DET,IND,3,0,8,IND,IND,fg3_miss,80,False,False,,MISS LeVert 28' 3PT Step Back Jump Shot,73,73
0022100214,2021-11-17,DET,IND,3,0,5,DET,DET,reb,0,False,False,Bey REBOUND (Off:2 Def:3),,73,73
0022100214,2021-11-17,DET,IND,3,0,0,DET,DET,fg_miss,73,False,False,MISS Bey 3' Driving Reverse Layup,,73,73
0022100214,2021-11-17,DET,IND,3,0,0,DET,DET,reb,0,False,False,PISTONS Rebound,,73,73
0022100214,2021-11-17,DET,IND,3,0,0,DET,,period_end,0,False,False,,,73,73
0022100214,2021-11-17,DET,IND,4,12,0,DET,,period_start,0,False,False,,,73,73
0022100214,2021-11-17,DET,IND,4,11,41,IND,IND,fg3_miss,1,False,False,,MISS Holiday 3PT Jump Shot,73,73
0022100214,2021-11-17,DET,IND,4,11,35,IND,IND,reb,0,False,False,,Holiday REBOUND (Off:1 Def:2),73,73
0022100214,2021-11-17,DET,IND,4,11,34,IND,IND,fg_make,6,False,False,,Craig 3' Driving Layup (8 PTS) (Holiday 1 AST),75,73
0022100214,2021-11-17,DET,IND,4,11,34,IND,DET,violation,2,False,False,Diallo Violation:Defensive Goaltending (J.Capers),,75,73
0022100214,2021-11-17,DET,IND,4,11,22,DET,DET,fg_miss,98,True,False,MISS Lyles 4' Cutting Layup Shot,,75,73
0022100214,2021-11-17,DET,IND,4,11,22,DET,IND,block,98,True,False,block,block,75,73
0022100214,2021-11-17,DET,IND,4,11,17,IND,IND,reb,0,False,False,,Sabonis REBOUND (Off:2 Def:8),75,73
0022100214,2021-11-17,DET,IND,4,11,12,IND,IND,fg_make,6,False,False,,Brogdon 1' Driving Layup (19 PTS),77,73
0022100214,2021-11-17,DET,IND,4,10,47,DET,DET,fg_miss,6,False,False,MISS Joseph 6' Driving Layup,,77,73
0022100214,2021-11-17,DET,IND,4,10,47,IND,IND,reb,0,False,False,,Craig REBOUND (Off:0 Def:1),77,73
0022100214,2021-11-17,DET,IND,4,10,38,IND,IND,fg_make,41,False,False,,Craig 5' Running Layup (10 PTS),79,73
0022100214,2021-11-17,DET,IND,4,10,33,DET,DET,timeout,1,False,False,PISTONS Timeout: Regular (Full 4 Short 0),,79,73
0022100214,2021-11-17,DET,IND,4,10,17,DET,DET,fg3_miss,1,False,False,MISS Jackson 25' 3PT Jump Shot,,79,73
0022100214,2021-11-17,DET,IND,4,10,13,IND,IND,reb,0,False,False,,Craig REBOUND (Off:0 Def:2),79,73
0022100214,2021-11-17,DET,IND,4,10,2,IND,IND,tov,2,False,True,,Holiday Lost Ball Turnover (P2.T16),79,73
0022100214,2021-11-17,DET,IND,4,10,2,DET,IND,foul,1,False,False,,Martin P.FOUL (P4.T1) (J.Capers),79,73
0022100214,2021-11-17,DET,IND,4,10,2,IND,DET,steal,2,False,True,steal,steal,79,73
0022100214,2021-11-17,DET,IND,4,9,49,DET,IND,foul,2,False,False,,Brogdon S.FOUL (P3.T2) (M.Myers),79,73
0022100214,2021-11-17,DET,IND,4,9,49,DET,DET,ft_make,11,False,False,Bey Free Throw 1 of 2 (15 PTS),,79,74
0022100214,2021-11-17,DET,IND,4,9,49,DET,DET,ft_miss,12,False,False,MISS Bey Free Throw 2 of 2,,79,74
0022100214,2021-11-17,DET,IND,4,9,46,IND,IND,reb,0,False,False,,Craig REBOUND (Off:0 Def:3),79,74
0022100214,2021-11-17,DET,IND,4,9,32,IND,IND,fg3_miss,1,False,False,,MISS Holiday 26' 3PT Jump Shot,79,74
0022100214,2021-11-17,DET,IND,4,9,30,DET,DET,reb,0,False,False,PISTONS Rebound,,79,74
0022100214,2021-11-17,DET,IND,4,9,15,DET,DET,fg_miss,75,False,False,MISS Lyles 5' Driving Finger Roll Layup,,79,74
0022100214,2021-11-17,DET,IND,4,9,12,DET,DET,reb,0,False,False,Lyles REBOUND (Off:1 Def:1),,79,74
0022100214,2021-11-17,DET,IND,4,9,12,DET,DET,fg_make,72,False,False,Lyles 3' Putback Layup (4 PTS),,79,76
0022100214,2021-11-17,DET,IND,4,9,12,DET,IND,foul,2,False,False,,Craig S.FOUL (P3.T3) (J.Capers),79,76
0022100214,2021-11-17,DET,IND,4,9,12,DET,DET,ft_make,10,False,False,Lyles Free Throw 1 of 1 (5 PTS),,79,77
0022100214,2021-11-17,DET,IND,4,8,53,IND,IND,fg_make,44,False,False,,Holiday 2' Reverse Layup (7 PTS) (Sabonis 1 AST),81,77
0022100214,2021-11-17,DET,IND,4,8,38,DET,DET,fg_make,75,False,False,Joseph 4' Driving Finger Roll Layup (14 PTS),,81,79
0022100214,2021-11-17,DET,IND,4,8,38,DET,IND,foul,2,False,False,,Holiday S.FOUL (P2.T4) (M.Smith),81,79
0022100214,2021-11-17,DET,IND,4,8,38,DET,DET,ft_make,10,False,False,Joseph Free Throw 1 of 1 (15 PTS),,81,80
0022100214,2021-11-17,DET,IND,4,8,18,IND,DET,foul,2,False,False,Jackson S.FOUL (P2.T1) (M.Smith),,81,80
0022100214,2021-11-17,DET,IND,4,8,18,IND,IND,ft_miss,11,False,False,,MISS Sabonis Free Throw 1 of 2,81,80
0022100214,2021-11-17,DET,IND,4,8,18,IND,IND,reb,1,False,False,,Pacers Rebound,81,80
0022100214,2021-11-17,DET,IND,4,8,18,IND,IND,ft_miss,12,False,False,,MISS Sabonis Free Throw 2 of 2,81,80
0022100214,2021-11-17,DET,IND,4,8,18,DET,DET,reb,0,False,False,Diallo REBOUND (Off:0 Def:2),,81,80
0022100214,2021-11-17,DET,IND,4,8,5,DET,DET,fg_miss,6,True,False,MISS Joseph 9' Driving Layup,,81,80
0022100214,2021-11-17,DET,IND,4,8,5,IND,IND,reb,0,False,False,,McConnell REBOUND (Off:0 Def:4),81,80
0022100214,2021-11-17,DET,IND,4,8,5,,DET,jump_ball,0,False,False,Jump Ball Joseph vs. McConnell: Tip to Sabonis,,81,80
0022100214,2021-11-17,DET,IND,4,8,5,DET,IND,block,6,True,False,block,block,81,80
0022100214,2021-11-17,DET,IND,4,7,41,IND,IND,fg3_miss,1,False,False,,MISS Holiday 25' 3PT Jump Shot,81,80
0022100214,2021-11-17,DET,IND,4,7,36,DET,DET,reb,0,False,False,Bey REBOUND (Off:2 Def:4),,81,80
0022100214,2021-11-17,DET,IND,4,7,16,DET,DET,fg_miss,86,False,False,MISS Bey 10' Turnaround Fadeaway Shot,,81,80
0022100214,2021-11-17,DET,IND,4,7,13,IND,IND,reb,0,False,False,,Craig REBOUND (Off:0 Def:4),81,80
0022100214,2021-11-17,DET,IND,4,7,1,IND,IND,fg3_miss,1,False,False,,MISS Craig 28' 3PT Jump Shot,81,80
0022100214,2021-11-17,DET,IND,4,6,56,DET,DET,reb,0,False,False,Joseph REBOUND (Off:0 Def:4),,81,80
0022100214,2021-11-17,DET,IND,4,6,48,DET,DET,fg3_miss,1,False,False,MISS Lyles 28' 3PT Jump Shot,,81,80
0022100214,2021-11-17,DET,IND,4,6,45,IND,IND,reb,0,False,False,,Craig REBOUND (Off:0 Def:5),81,80
0022100214,2021-11-17,DET,IND,4,6,38,IND,DET,foul,2,False,False,Lyles S.FOUL (P1.T2) (M.Smith),,81,80
0022100214,2021-11-17,DET,IND,4,6,38,IND,IND,ft_miss,11,False,False,,MISS Sabonis Free Throw 1 of 2,81,80
0022100214,2021-11-17,DET,IND,4,6,38,IND,IND,reb,1,False,False,,Pacers Rebound,81,80
0022100214,2021-11-17,DET,IND,4,6,38,IND,IND,ft_make,12,False,False,,Sabonis Free Throw 2 of 2 (15 PTS),82,80
0022100214,2021-11-17,DET,IND,4,6,20,DET,DET,fg_make,63,False,False,Cunningham 13' Fadeaway Jumper (14 PTS),,82,82
0022100214,2021-11-17,DET,IND,4,6,1,IND,IND,fg_miss,79,False,False,,MISS LeVert 14' Pullup Jump Shot,82,82
0022100214,2021-11-17,DET,IND,4,5,57,DET,DET,reb,0,False,False,Joseph REBOUND (Off:0 Def:5),,82,82
0022100214,2021-11-17,DET,IND,4,5,47,DET,DET,fg3_make,1,False,False,Joseph 26' 3PT Jump Shot (18 PTS) (Cunningham 5 AST),,82,85
0022100214,2021-11-17,DET,IND,4,5,46,IND,IND,timeout,1,False,False,,Pacers Timeout: Regular (Reg.6 Short 0),82,85
0022100214,2021-11-17,DET,IND,4,5,33,IND,IND,fg3_miss,1,False,False,,MISS Turner 26' 3PT Jump Shot,82,85
0022100214,2021-11-17,DET,IND,4,5,29,DET,DET,reb,0,False,False,Cunningham REBOUND (Off:0 Def:5),,82,85
0022100214,2021-11-17,DET,IND,4,5,21,DET,DET,fg_make,6,False,False,Cunningham 4' Driving Layup (16 PTS),,82,87
0022100214,2021-11-17,DET,IND,4,4,59,IND,IND,fg3_make,80,False,False,,LeVert 26' 3PT Step Back Jump Shot (15 PTS),85,87
0022100214,2021-11-17,DET,IND,4,4,37,DET,DET,fg3_make,1,False,False,Jackson 24' 3PT Jump Shot (11 PTS) (Cunningham 6 AST),,85,90
0022100214,2021-11-17,DET,IND,4,4,24,IND,IND,fg3_miss,79,False,False,,MISS Martin 27' 3PT Pullup Jump Shot,85,90
0022100214,2021-11-17,DET,IND,4,4,20,DET,DET,reb,0,False,False,Jackson REBOUND (Off:0 Def:1),,85,90
0022100214,2021-11-17,DET,IND,4,4,7,DET,DET,fg3_miss,1,False,False,MISS Grant 27' 3PT Jump Shot,,85,90
0022100214,2021-11-17,DET,IND,4,4,4,IND,IND,reb,0,False,False,,LeVert REBOUND (Off:0 Def:3),85,90
0022100214,2021-11-17,DET,IND,4,3,50,IND,IND,fg3_miss,1,False,False,,MISS Turner 28' 3PT Jump Shot,85,90
0022100214,2021-11-17,DET,IND,4,3,48,DET,DET,reb,0,False,False,PISTONS Rebound,,85,90
0022100214,2021-11-17,DET,IND,4,3,28,DET,DET,timeout,1,False,False,PISTONS Timeout: Regular (Full 5 Short 0),,85,90
0022100214,2021-11-17,DET,IND,4,3,28,DET,DET,tov,9,False,False,PISTONS Turnover: 5 Second Violation (T#13),,85,90
0022100214,2021-11-17,DET,IND,4,3,7,IND,IND,fg3_miss,1,False,False,,MISS Martin 26' 3PT Jump Shot,85,90
0022100214,2021-11-17,DET,IND,4,3,3,DET,DET,reb,0,False,False,Cunningham REBOUND (Off:0 Def:6),,85,90
0022100214,2021-11-17,DET,IND,4,2,53,DET,DET,fg3_miss,1,False,False,MISS Cunningham 27' 3PT Jump Shot,,85,90
0022100214,2021-11-17,DET,IND,4,2,51,IND,IND,reb,0,False,False,,Holiday REBOUND (Off:1 Def:3),85,90
0022100214,2021-11-17,DET,IND,4,2,40,IND,IND,fg3_make,1,False,False,,LeVert 25' 3PT Jump Shot (18 PTS) (Brogdon 4 AST),88,90
0022100214,2021-11-17,DET,IND,4,2,23,DET,IND,foul,1,False,False,,LeVert P.FOUL (P2.PN) (M.Smith),88,90
0022100214,2021-11-17,DET,IND,4,2,23,DET,DET,ft_make,11,False,False,Grant Free Throw 1 of 2 (15 PTS),,88,91
0022100214,2021-11-17,DET,IND,4,2,23,DET,DET,ft_make,12,False,False,Grant Free Throw 2 of 2 (16 PTS),,88,92
0022100214,2021-11-17,DET,IND,4,2,6,IND,IND,fg3_miss,79,False,False,,MISS LeVert 27' 3PT Pullup Jump Shot,88,92
0022100214,2021-11-17,DET,IND,4,2,3,DET,DET,reb,0,False,False,Cunningham REBOUND (Off:0 Def:7),,88,92
0022100214,2021-11-17,DET,IND,4,1,43,DET,DET,fg_miss,101,False,False,MISS Cunningham 6' Driving Floating Jump Shot,,88,92
0022100214,2021-11-17,DET,IND,4,1,39,IND,IND,reb,0,False,False,,Holiday REBOUND (Off:1 Def:4),88,92
0022100214,2021-11-17,DET,IND,4,1,36,IND,DET,foul,1,False,False,Cunningham P.FOUL (P2.T3) (M.Myers),,88,92
0022100214,2021-11-17,DET,IND,4,1,26,IND,IND,fg_miss,6,False,False,,MISS LeVert 6' Driving Layup,88,92
0022100214,2021-11-17,DET,IND,4,1,26,IND,IND,reb,0,False,False,,Pacers Rebound,88,92
0022100214,2021-11-17,DET,IND,4,1,19,IND,IND,fg3_miss,79,False,False,,MISS Brogdon 29' 3PT Pullup Jump Shot,88,92
0022100214,2021-11-17,DET,IND,4,1,15,DET,DET,reb,0,False,False,Cunningham REBOUND (Off:0 Def:8),,88,92
0022100214,2021-11-17,DET,IND,4,1,1,DET,DET,fg_make,79,False,False,Grant 20' Pullup Jump Shot (18 PTS),,88,94
0022100214,2021-11-17,DET,IND,4,1,0,IND,IND,timeout,1,False,False,,Pacers Timeout: Regular (Reg.7 Short 0),88,94
0022100214,2021-11-17,DET,IND,4,0,54,IND,IND,tov,45,False,False,,Brogdon Out of Bounds - Bad Pass Turnover Turnover (P5.T17),88,94
0022100214,2021-11-17,DET,IND,4,0,39,DET,IND,foul,1,False,False,,Holiday P.FOUL (P3.PN) (M.Smith),88,94
0022100214,2021-11-17,DET,IND,4,0,39,DET,DET,ft_make,11,False,False,Stewart Free Throw 1 of 2 (6 PTS),,88,95
0022100214,2021-11-17,DET,IND,4,0,39,DET,DET,ft_make,12,False,False,Stewart Free Throw 2 of 2 (7 PTS),,88,96
0022100214,2021-11-17,DET,IND,4,0,34,IND,DET,foul,2,False,False,Stewart S.FOUL (P5.PN) (M.Smith),,88,96
0022100214,2021-11-17,DET,IND,4,0,34,IND,IND,ft_make,11,False,False,,Brogdon Free Throw 1 of 2 (20 PTS),89,96
0022100214,2021-11-17,DET,IND,4,0,34,IND,IND,ft_miss,12,False,False,,MISS Brogdon Free Throw 2 of 2,89,96
0022100214,2021-11-17,DET,IND,4,0,32,DET,DET,reb,0,False,False,Stewart REBOUND (Off:3 Def:8),,89,96
0022100214,2021-11-17,DET,IND,4,0,32,,DET,jump_ball,0,False,False,Jump Ball Stewart vs. Sabonis: Tip to Bey,,89,96
0022100214,2021-11-17,DET,IND,4,0,24,DET,IND,foul,28,False,False,,Martin Personal Take Foul (P5.PN) (M.Smith),89,96
0022100214,2021-11-17,DET,IND,4,0,24,DET,DET,ft_miss,11,False,False,MISS Grant Free Throw 1 of 2,,89,96
0022100214,2021-11-17,DET,IND,4,0,24,DET,DET,reb,1,False,False,PISTONS Rebound,,89,96
0022100214,2021-11-17,DET,IND,4,0,24,DET,DET,ft_make,12,False,False,Grant Free Throw 2 of 2 (19 PTS),,89,97
0022100214,2021-11-17,DET,IND,4,0,18,IND,IND,fg_miss,79,False,False,,MISS McConnell 17' Pullup Jump Shot,89,97
0022100214,2021-11-17,DET,IND,4,0,14,IND,IND,reb,0,False,False,,Martin REBOUND (Off:2 Def:2),89,97
0022100214,2021-11-17,DET,IND,4,0,10,IND,IND,fg3_miss,1,False,False,,MISS Brogdon 24' 3PT Jump Shot,89,97
0022100214,2021-11-17,DET,IND,4,0,9,IND,IND,reb,0,False,False,,Sabonis REBOUND (Off:3 Def:8),89,97
0022100214,2021-11-17,DET,IND,4,0,9,IND,IND,tov,40,False,False,,Sabonis Out of Bounds Lost Ball Turnover (P5.T18),89,97
0022100214,2021-11-17,DET,IND,4,0,0,IND,,period_end,0,False,False,,,89,97
