game_id,date,home,vis,time,period,mins,secs,pos,team,event,event_deets,block,steal,home_desc,vis_desc,score,home_score,vis_score
0021301103,2014-03-31,ATL,PHI,0.0,1,12,0,,,period_start,0,False,False,,,0-0,0,0
0021301103,2014-03-31,ATL,PHI,0.0,1,12,0,,ATL,jump_ball,0,False,False,Jump Ball Millsap vs. Sims: Tip to Thompson,,0-0,0,0
0021301103,2014-03-31,ATL,PHI,0.13,1,11,52,PHI,PHI,fg3_miss,1,False,False,,MISS Anderson 26' 3PT Jump Shot,0-0,0,0
0021301103,2014-03-31,ATL,PHI,0.15,1,11,51,ATL,ATL,reb,0,False,False,Millsap REBOUND (Off:0 Def:1),,0-0,0,0
0021301103,2014-03-31,ATL,PHI,0.47,1,11,32,ATL,ATL,fg3_miss,1,False,False,MISS Korver 25' 3PT Jump Shot,,0-0,0,0
0021301103,2014-03-31,ATL,PHI,0.5,1,11,30,PHI,PHI,reb,0,False,False,,Sims REBOUND (Off:0 Def:1),0-0,0,0
0021301103,2014-03-31,ATL,PHI,0.58,1,11,25,PHI,PHI,fg_make,41,False,False,,Anderson 3' Running Layup (2 PTS) (Carter-Williams 1 AST),0-2,0,2
0021301103,2014-03-31,ATL,PHI,0.77,1,11,14,ATL,ATL,fg_make,90,False,False,Millsap 1' Running Slam Dunk (2 PTS) (Teague 1 AST),,2-2,2,2
0021301103,2014-03-31,ATL,PHI,0.77,1,11,14,ATL,PHI,foul,2,False,False,,Thompson S.FOUL (P1.T1),2-2,2,2
0021301103,2014-03-31,ATL,PHI,0.77,1,11,14,ATL,ATL,ft_make,10,False,False,Millsap Free Throw 1 of 1 (3 PTS),,3-2,3,2
0021301103,2014-03-31,ATL,PHI,1.0,1,11,0,PHI,PHI,fg_make,1,False,False,,Sims 16' Jump Shot (2 PTS) (Carter-Williams 2 AST),3-4,3,4
0021301103,2014-03-31,ATL,PHI,1.3,1,10,42,ATL,ATL,fg_make,5,False,False,Millsap 2' Layup (5 PTS) (Korver 1 AST),,5-4,5,4
0021301103,2014-03-31,ATL,PHI,1.55,1,10,27,PHI,PHI,fg_make,1,False,False,,Sims 19' Jump Shot (4 PTS) (Carter-Williams 3 AST),5-6,5,6
0021301103,2014-03-31,ATL,PHI,1.75,1,10,15,ATL,ATL,fg3_miss,1,False,False,MISS Antic 25' 3PT Jump Shot,,5-6,5,6
0021301103,2014-03-31,ATL,PHI,1.77,1,10,14,PHI,PHI,reb,0,False,False,,Thompson REBOUND (Off:0 Def:1),5-6,5,6
0021301103,2014-03-31,ATL,PHI,1.92,1,10,5,PHI,PHI,fg3_make,1,False,False,,Young  3PT Jump Shot (3 PTS) (Thompson 1 AST),5-9,5,9
0021301103,2014-03-31,ATL,PHI,2.32,1,9,41,ATL,ATL,fg_miss,63,False,False,MISS Millsap 16' Fadeaway Jumper,,5-9,5,9
0021301103,2014-03-31,ATL,PHI,2.33,1,9,40,PHI,PHI,reb,0,False,False,,Sims REBOUND (Off:0 Def:2),5-9,5,9
0021301103,2014-03-31,ATL,PHI,2.52,1,9,29,PHI,PHI,tov,2,False,True,,Young Lost Ball Turnover (P1.T1),5-9,5,9
0021301103,2014-03-31,ATL,PHI,2.52,1,9,29,PHI,ATL,steal,2,False,True,steal,steal,5-9,5,9
0021301103,2014-03-31,ATL,PHI,2.67,1,9,20,ATL,ATL,fg3_miss,1,False,False,MISS Korver 25' 3PT Jump Shot,,5-9,5,9
0021301103,2014-03-31,ATL,PHI,2.72,1,9,17,ATL,ATL,reb,0,False,False,Antic REBOUND (Off:1 Def:0),,5-9,5,9
0021301103,2014-03-31,ATL,PHI,2.9,1,9,6,ATL,ATL,fg_make,7,False,False,Antic 1' Dunk (2 PTS) (Millsap 1 AST),,7-9,7,9
0021301103,2014-03-31,ATL,PHI,3.18,1,8,49,PHI,PHI,fg3_make,1,False,False,,Young  3PT Jump Shot (6 PTS) (Anderson 1 AST),7-12,7,12
0021301103,2014-03-31,ATL,PHI,3.43,1,8,34,ATL,ATL,fg_miss,1,False,False,MISS Teague 21' Jump Shot,,7-12,7,12
0021301103,2014-03-31,ATL,PHI,3.47,1,8,32,PHI,PHI,reb,0,False,False,,76ers Rebound,7-12,7,12
0021301103,2014-03-31,ATL,PHI,3.7,1,8,18,PHI,PHI,fg_miss,41,False,False,,MISS Thompson 2' Running Layup,7-12,7,12
0021301103,2014-03-31,ATL,PHI,3.73,1,8,16,ATL,ATL,reb,0,False,False,Antic REBOUND (Off:1 Def:1),,7-12,7,12
0021301103,2014-03-31,ATL,PHI,3.97,1,8,2,ATL,ATL,fg3_miss,1,False,False,MISS Carroll 25' 3PT Jump Shot,,7-12,7,12
0021301103,2014-03-31,ATL,PHI,4.02,1,7,59,PHI,PHI,reb,0,False,False,,Anderson REBOUND (Off:0 Def:1),7-12,7,12
0021301103,2014-03-31,ATL,PHI,4.12,1,7,53,PHI,PHI,fg_miss,1,False,False,,MISS Carter-Williams 17' Jump Shot,7-12,7,12
0021301103,2014-03-31,ATL,PHI,4.13,1,7,52,ATL,ATL,reb,0,False,False,Teague REBOUND (Off:0 Def:1),,7-12,7,12
0021301103,2014-03-31,ATL,PHI,4.32,1,7,41,ATL,ATL,fg3_miss,1,False,False,MISS Antic 26' 3PT Jump Shot,,7-12,7,12
0021301103,2014-03-31,ATL,PHI,4.33,1,7,40,PHI,PHI,reb,0,False,False,,Carter-Williams REBOUND (Off:0 Def:1),7-12,7,12
0021301103,2014-03-31,ATL,PHI,4.45,1,7,33,PHI,ATL,foul,2,False,False,Millsap S.FOUL (P1.T1),,7-12,7,12
0021301103,2014-03-31,ATL,PHI,4.45,1,7,33,PHI,PHI,ft_make,11,False,False,,Young Free Throw 1 of 2 (7 PTS),7-13,7,13
0021301103,2014-03-31,ATL,PHI,4.45,1,7,33,PHI,PHI,ft_make,12,False,False,,Young Free Throw 2 of 2 (8 PTS),7-14,7,14
0021301103,2014-03-31,ATL,PHI,4.7,1,7,18,ATL,ATL,fg_make,77,False,False,Millsap 8' Driving Jump Shot (7 PTS) (Antic 1 AST),,9-14,9,14
0021301103,2014-03-31,ATL,PHI,4.87,1,7,8,PHI,PHI,fg_make,90,False,False,,Anderson 1' Running Slam Dunk (4 PTS) (Sims 1 AST),9-16,9,16
0021301103,2014-03-31,ATL,PHI,5.1,1,6,54,ATL,ATL,fg3_miss,1,False,False,MISS Antic 25' 3PT Jump Shot,,9-16,9,16
0021301103,2014-03-31,ATL,PHI,5.13,1,6,52,PHI,PHI,reb,0,False,False,,Anderson REBOUND (Off:0 Def:2),9-16,9,16
0021301103,2014-03-31,ATL,PHI,5.25,1,6,45,PHI,PHI,fg3_make,1,False,False,,Young 24' 3PT Jump Shot (11 PTS) (Thompson 2 AST),9-19,9,19
0021301103,2014-03-31,ATL,PHI,5.27,1,6,44,ATL,ATL,timeout,1,False,False,HAWKS Timeout: Regular (Full 1 Short 0),,9-19,9,19
0021301103,2014-03-31,ATL,PHI,5.43,1,6,34,ATL,ATL,tov,39,False,False,Teague Step Out of Bounds Turnover (P1.T1),,9-19,9,19
0021301103,2014-03-31,ATL,PHI,5.67,1,6,20,PHI,PHI,fg_make,1,False,False,,Thompson 21' Jump Shot (2 PTS) (Sims 2 AST),9-21,9,21
0021301103,2014-03-31,ATL,PHI,5.97,1,6,2,ATL,PHI,foul,2,False,False,,Anderson S.FOUL (P1.T2),9-21,9,21
0021301103,2014-03-31,ATL,PHI,5.97,1,6,2,ATL,ATL,ft_make,11,False,False,Millsap Free Throw 1 of 2 (8 PTS),,10-21,10,21
0021301103,2014-03-31,ATL,PHI,5.97,1,6,2,ATL,ATL,ft_make,12,False,False,Millsap Free Throw 2 of 2 (9 PTS),,11-21,11,21
0021301103,2014-03-31,ATL,PHI,6.18,1,5,49,PHI,ATL,foul,2,False,False,Antic S.FOUL (P1.T2),,11-21,11,21
0021301103,2014-03-31,ATL,PHI,6.18,1,5,49,PHI,PHI,ft_make,11,False,False,,Sims Free Throw 1 of 2 (5 PTS),11-22,11,22
0021301103,2014-03-31,ATL,PHI,6.18,1,5,49,PHI,PHI,ft_miss,12,False,False,,MISS Sims Free Throw 2 of 2,11-22,11,22
0021301103,2014-03-31,ATL,PHI,6.2,1,5,48,ATL,ATL,reb,0,False,False,Millsap REBOUND (Off:0 Def:2),,11-22,11,22
0021301103,2014-03-31,ATL,PHI,6.53,1,5,28,ATL,PHI,foul,1,False,False,,Sims P.FOUL (P1.T3),11-22,11,22
0021301103,2014-03-31,ATL,PHI,6.72,1,5,17,ATL,ATL,fg_miss,5,True,False,MISS Antic 2' Layup,,11-22,11,22
0021301103,2014-03-31,ATL,PHI,6.72,1,5,17,ATL,PHI,block,5,True,False,block,block,11-22,11,22
0021301103,2014-03-31,ATL,PHI,6.75,1,5,15,PHI,PHI,reb,0,False,False,,Anderson REBOUND (Off:0 Def:3),11-22,11,22
0021301103,2014-03-31,ATL,PHI,6.87,1,5,8,PHI,PHI,tov,39,False,False,,Wroten Step Out of Bounds Turnover (P1.T2),11-22,11,22
0021301103,2014-03-31,ATL,PHI,7.03,1,4,58,ATL,PHI,foul,1,False,False,,Carter-Williams P.FOUL (P1.T4),11-22,11,22
0021301103,2014-03-31,ATL,PHI,7.17,1,4,50,ATL,ATL,fg_make,5,False,False,Scott 2' Layup (2 PTS) (Williams 1 AST),,13-22,13,22
0021301103,2014-03-31,ATL,PHI,7.17,1,4,50,ATL,PHI,foul,2,False,False,,Anderson S.FOUL (P2.PN),13-22,13,22
0021301103,2014-03-31,ATL,PHI,7.17,1,4,50,ATL,ATL,ft_make,10,False,False,Scott Free Throw 1 of 1 (3 PTS),,14-22,14,22
0021301103,2014-03-31,ATL,PHI,7.32,1,4,41,PHI,PHI,tov,1,False,True,,Young Bad Pass Turnover (P2.T3),14-22,14,22
0021301103,2014-03-31,ATL,PHI,7.32,1,4,41,PHI,ATL,steal,1,False,True,steal,steal,14-22,14,22
0021301103,2014-03-31,ATL,PHI,7.47,1,4,32,ATL,ATL,fg_miss,77,True,False,MISS Scott 4' Driving Jump Shot,,14-22,14,22
0021301103,2014-03-31,ATL,PHI,7.47,1,4,32,ATL,PHI,block,77,True,False,block,block,14-22,14,22
0021301103,2014-03-31,ATL,PHI,7.5,1,4,30,PHI,PHI,reb,0,False,False,,Wroten REBOUND (Off:0 Def:1),14-22,14,22
0021301103,2014-03-31,ATL,PHI,7.68,1,4,19,PHI,PHI,fg3_miss,1,False,False,,MISS Carter-Williams 25' 3PT Jump Shot,14-22,14,22
0021301103,2014-03-31,ATL,PHI,7.7,1,4,18,ATL,ATL,reb,0,False,False,Millsap REBOUND (Off:0 Def:3),,14-22,14,22
0021301103,2014-03-31,ATL,PHI,7.85,1,4,9,ATL,ATL,fg3_miss,1,False,False,MISS Williams  3PT Jump Shot,,14-22,14,22
0021301103,2014-03-31,ATL,PHI,7.87,1,4,8,PHI,PHI,reb,0,False,False,,Young REBOUND (Off:0 Def:1),14-22,14,22
0021301103,2014-03-31,ATL,PHI,7.95,1,4,3,PHI,PHI,tov,1,False,True,,Wroten Bad Pass Turnover (P2.T4),14-22,14,22
0021301103,2014-03-31,ATL,PHI,7.95,1,4,3,PHI,ATL,steal,1,False,True,steal,steal,14-22,14,22
0021301103,2014-03-31,ATL,PHI,8.02,1,3,59,ATL,ATL,fg_make,50,False,False,Williams 1' Running Dunk (2 PTS) (Millsap 2 AST),,16-22,16,22
0021301103,2014-03-31,ATL,PHI,8.02,1,3,59,PHI,PHI,timeout,1,False,False,,76ers Timeout: Regular (Reg.1 Short 0),16-22,16,22
0021301103,2014-03-31,ATL,PHI,8.27,1,3,44,PHI,PHI,fg3_miss,1,False,False,,MISS Williams 24' 3PT Jump Shot,16-22,16,22
0021301103,2014-03-31,ATL,PHI,8.28,1,3,43,ATL,ATL,reb,0,False,False,Scott REBOUND (Off:0 Def:1),,16-22,16,22
0021301103,2014-03-31,ATL,PHI,8.4,1,3,36,ATL,ATL,fg_miss,5,True,False,MISS Millsap 1' Layup,,16-22,16,22
0021301103,2014-03-31,ATL,PHI,8.4,1,3,36,ATL,PHI,block,5,True,False,block,block,16-22,16,22
0021301103,2014-03-31,ATL,PHI,8.42,1,3,35,ATL,ATL,reb,0,False,False,HAWKS Rebound,,16-22,16,22
0021301103,2014-03-31,ATL,PHI,8.55,1,3,27,ATL,ATL,tov,4,False,False,Millsap Traveling Turnover (P1.T2),,16-22,16,22
0021301103,2014-03-31,ATL,PHI,8.8,1,3,12,PHI,PHI,fg3_miss,1,False,False,,MISS Ware 25' 3PT Jump Shot,16-22,16,22
0021301103,2014-03-31,ATL,PHI,8.83,1,3,10,PHI,PHI,reb,0,False,False,,Williams REBOUND (Off:1 Def:0),16-22,16,22
0021301103,2014-03-31,ATL,PHI,8.9,1,3,6,PHI,PHI,fg_miss,42,False,False,,MISS Williams 2' Driving Layup,16-22,16,22
0021301103,2014-03-31,ATL,PHI,8.93,1,3,4,ATL,ATL,reb,0,False,False,Millsap REBOUND (Off:0 Def:4),,16-22,16,22
0021301103,2014-03-31,ATL,PHI,9.12,1,2,53,ATL,ATL,fg3_miss,1,False,False,MISS Teague  3PT Jump Shot,,16-22,16,22
0021301103,2014-03-31,ATL,PHI,9.13,1,2,52,PHI,PHI,reb,0,False,False,,Varnado REBOUND (Off:0 Def:1),16-22,16,22
0021301103,2014-03-31,ATL,PHI,9.28,1,2,43,PHI,PHI,fg3_miss,1,False,False,,MISS Young 24' 3PT Jump Shot,16-22,16,22
0021301103,2014-03-31,ATL,PHI,9.3,1,2,42,PHI,PHI,reb,0,False,False,,76ers Rebound,16-22,16,22
0021301103,2014-03-31,ATL,PHI,9.45,1,2,33,PHI,PHI,fg_make,1,False,False,,Varnado 17' Jump Shot (2 PTS) (Wroten 1 AST),16-24,16,24
0021301103,2014-03-31,ATL,PHI,9.77,1,2,14,ATL,ATL,fg_miss,77,False,False,MISS Schroder 7' Driving Jump Shot,,16-24,16,24
0021301103,2014-03-31,ATL,PHI,9.8,1,2,12,PHI,PHI,reb,0,False,False,,Varnado REBOUND (Off:0 Def:2),16-24,16,24
0021301103,2014-03-31,ATL,PHI,9.92,1,2,5,PHI,PHI,fg_make,42,False,False,,Wroten 1' Driving Layup (2 PTS),16-26,16,26
0021301103,2014-03-31,ATL,PHI,10.23,1,1,46,ATL,PHI,foul,2,False,False,,Williams S.FOUL (P1.PN),16-26,16,26
0021301103,2014-03-31,ATL,PHI,10.23,1,1,46,ATL,ATL,ft_make,11,False,False,Williams Free Throw 1 of 2 (3 PTS),,17-26,17,26
0021301103,2014-03-31,ATL,PHI,10.23,1,1,46,ATL,ATL,ft_make,12,False,False,Williams Free Throw 2 of 2 (4 PTS),,18-26,18,26
0021301103,2014-03-31,ATL,PHI,10.57,1,1,26,PHI,PHI,fg_miss,1,False,False,,MISS Varnado 10' Jump Shot,18-26,18,26
0021301103,2014-03-31,ATL,PHI,10.6,1,1,24,PHI,PHI,reb,0,False,False,,Varnado REBOUND (Off:1 Def:2),18-26,18,26
0021301103,2014-03-31,ATL,PHI,10.77,1,1,14,PHI,PHI,fg3_miss,1,False,False,,MISS Wroten 25' 3PT Jump Shot,18-26,18,26
0021301103,2014-03-31,ATL,PHI,10.78,1,1,13,ATL,ATL,reb,0,False,False,HAWKS Rebound,,18-26,18,26
0021301103,2014-03-31,ATL,PHI,11.02,1,0,59,ATL,ATL,fg_miss,63,False,False,MISS Korver 16' Fadeaway Jumper,,18-26,18,26
0021301103,2014-03-31,ATL,PHI,11.05,1,0,57,PHI,PHI,reb,0,False,False,,Varnado REBOUND (Off:1 Def:3),18-26,18,26
0021301103,2014-03-31,ATL,PHI,11.17,1,0,50,PHI,PHI,fg_make,66,False,False,,Wroten 11' Jump Bank Shot (4 PTS),18-28,18,28
0021301103,2014-03-31,ATL,PHI,11.55,1,0,27,ATL,ATL,fg3_miss,1,False,False,MISS Williams  3PT Jump Shot,,18-28,18,28
0021301103,2014-03-31,ATL,PHI,11.57,1,0,26,PHI,PHI,reb,0,False,False,,Davies REBOUND (Off:0 Def:1),18-28,18,28
0021301103,2014-03-31,ATL,PHI,11.93,1,0,4,PHI,PHI,fg3_make,1,False,False,,Williams 24' 3PT Jump Shot (3 PTS) (Wroten 2 AST),18-31,18,31
0021301103,2014-03-31,ATL,PHI,12.0,1,0,0,PHI,,period_end,0,False,False,,,18-31,18,31
0021301103,2014-03-31,ATL,PHI,12.0,2,12,0,PHI,,period_start,0,False,False,,,18-31,18,31
0021301103,2014-03-31,ATL,PHI,12.18,2,11,49,ATL,PHI,foul,1,False,False,,Ware P.FOUL (P1.T1),18-31,18,31
0021301103,2014-03-31,ATL,PHI,12.37,2,11,38,ATL,ATL,fg_miss,74,False,False,MISS Scott 2' Running Reverse Layup,,18-31,18,31
0021301103,2014-03-31,ATL,PHI,12.38,2,11,37,ATL,ATL,fg_make,4,False,False,Brand 1' Tip Shot (2 PTS),,20-31,20,31
0021301103,2014-03-31,ATL,PHI,12.38,2,11,37,ATL,ATL,reb,0,False,False,Brand REBOUND (Off:1 Def:0),,18-31,18,31
0021301103,2014-03-31,ATL,PHI,12.6,2,11,24,PHI,ATL,foul,2,False,False,Brand S.FOUL (P1.T1),,20-31,20,31
0021301103,2014-03-31,ATL,PHI,12.6,2,11,24,PHI,PHI,ft_miss,11,False,False,,MISS Varnado Free Throw 1 of 2,20-31,20,31
0021301103,2014-03-31,ATL,PHI,12.6,2,11,24,PHI,PHI,reb,1,False,False,,76ers Rebound,20-31,20,31
0021301103,2014-03-31,ATL,PHI,12.6,2,11,24,PHI,PHI,ft_miss,12,False,False,,MISS Varnado Free Throw 2 of 2,20-31,20,31
0021301103,2014-03-31,ATL,PHI,12.62,2,11,23,ATL,ATL,reb,0,False,False,Scott REBOUND (Off:0 Def:2),,20-31,20,31
0021301103,2014-03-31,ATL,PHI,12.82,2,11,11,ATL,ATL,fg_miss,1,False,False,MISS Brand 15' Jump Shot,,20-31,20,31
0021301103,2014-03-31,ATL,PHI,12.85,2,11,9,PHI,PHI,reb,0,False,False,,Davies REBOUND (Off:0 Def:2),20-31,20,31
0021301103,2014-03-31,ATL,PHI,12.98,2,11,1,PHI,PHI,fg3_miss,1,False,False,,MISS Davies 25' 3PT Jump Shot,20-31,20,31
0021301103,2014-03-31,ATL,PHI,13.0,2,11,0,ATL,ATL,reb,0,False,False,Korver REBOUND (Off:0 Def:1),,20-31,20,31
0021301103,2014-03-31,ATL,PHI,13.2,2,10,48,ATL,ATL,fg_miss,42,False,False,MISS Schroder 3' Driving Layup,,20-31,20,31
0021301103,2014-03-31,ATL,PHI,13.23,2,10,46,PHI,PHI,reb,0,False,False,,Varnado REBOUND (Off:1 Def:4),20-31,20,31
0021301103,2014-03-31,ATL,PHI,13.45,2,10,33,PHI,PHI,fg3_miss,1,False,False,,MISS Wroten 25' 3PT Jump Shot,20-31,20,31
0021301103,2014-03-31,ATL,PHI,13.48,2,10,31,ATL,ATL,reb,0,False,False,Williams REBOUND (Off:0 Def:1),,20-31,20,31
0021301103,2014-03-31,ATL,PHI,13.53,2,10,28,ATL,ATL,fg_make,41,False,False,Schroder 1' Running Layup (2 PTS) (Williams 2 AST),,22-31,22,31
0021301103,2014-03-31,ATL,PHI,13.75,2,10,15,ATL,PHI,foul,4,False,False,,Davies OFF.Foul (P1),22-31,22,31
0021301103,2014-03-31,ATL,PHI,13.75,2,10,15,PHI,PHI,tov,5,False,False,,Davies Foul Turnover (P1.T5),22-31,22,31
0021301103,2014-03-31,ATL,PHI,13.88,2,10,7,ATL,ATL,fg_make,77,False,False,Williams 10' Driving Jump Shot (6 PTS),,24-31,24,31
0021301103,2014-03-31,ATL,PHI,13.88,2,10,7,PHI,PHI,timeout,1,False,False,,76ers Timeout: Regular (Reg.2 Short 0),24-31,24,31
0021301103,2014-03-31,ATL,PHI,14.1,2,9,54,PHI,ATL,foul,1,False,False,Muscala P.FOUL (P1.T2),,24-31,24,31
0021301103,2014-03-31,ATL,PHI,14.3,2,9,42,PHI,PHI,tov,4,False,False,,Wroten Traveling Turnover (P3.T6),24-31,24,31
0021301103,2014-03-31,ATL,PHI,14.55,2,9,27,ATL,ATL,fg_miss,1,False,False,MISS Muscala 21' Jump Shot,,24-31,24,31
0021301103,2014-03-31,ATL,PHI,14.58,2,9,25,PHI,PHI,reb,0,False,False,,Williams REBOUND (Off:1 Def:1),24-31,24,31
0021301103,2014-03-31,ATL,PHI,14.87,2,9,8,PHI,PHI,fg_miss,63,False,False,,MISS Williams 21' Fadeaway Jumper,24-31,24,31
0021301103,2014-03-31,ATL,PHI,14.9,2,9,6,ATL,ATL,reb,0,False,False,Schroder REBOUND (Off:0 Def:1),,24-31,24,31
0021301103,2014-03-31,ATL,PHI,15.0,2,9,0,ATL,PHI,foul,2,False,False,,Sims S.FOUL (P2.T2),24-31,24,31
0021301103,2014-03-31,ATL,PHI,15.0,2,9,0,ATL,ATL,ft_make,11,False,False,Scott Free Throw 1 of 2 (4 PTS),,25-31,25,31
0021301103,2014-03-31,ATL,PHI,15.0,2,9,0,ATL,ATL,ft_miss,12,False,False,MISS Scott Free Throw 2 of 2,,25-31,25,31
0021301103,2014-03-31,ATL,PHI,15.02,2,8,59,PHI,PHI,reb,0,False,False,,Davies REBOUND (Off:0 Def:3),25-31,25,31
0021301103,2014-03-31,ATL,PHI,15.42,2,8,35,PHI,PHI,fg_miss,1,False,False,,MISS Sims 16' Jump Shot,25-31,25,31
0021301103,2014-03-31,ATL,PHI,15.45,2,8,33,ATL,ATL,reb,0,False,False,Korver REBOUND (Off:0 Def:2),,25-31,25,31
0021301103,2014-03-31,ATL,PHI,15.62,2,8,23,ATL,ATL,tov,1,False,True,Scott Bad Pass Turnover (P1.T3),,25-31,25,31
0021301103,2014-03-31,ATL,PHI,15.62,2,8,23,ATL,PHI,steal,1,False,True,steal,steal,25-31,25,31
0021301103,2014-03-31,ATL,PHI,15.68,2,8,19,PHI,ATL,foul,2,False,False,Korver S.FOUL (P1.T3),,25-31,25,31
0021301103,2014-03-31,ATL,PHI,15.68,2,8,19,PHI,PHI,ft_make,11,False,False,,Williams Free Throw 1 of 2 (4 PTS),25-32,25,32
0021301103,2014-03-31,ATL,PHI,15.68,2,8,19,PHI,PHI,ft_make,12,False,False,,Williams Free Throw 2 of 2 (5 PTS),25-33,25,33
0021301103,2014-03-31,ATL,PHI,15.85,2,8,9,ATL,ATL,fg3_miss,1,False,False,MISS Korver 25' 3PT Jump Shot,,25-33,25,33
0021301103,2014-03-31,ATL,PHI,15.87,2,8,8,PHI,PHI,reb,0,False,False,,Carter-Williams REBOUND (Off:0 Def:2),25-33,25,33
0021301103,2014-03-31,ATL,PHI,16.02,2,7,59,PHI,PHI,fg_miss,77,False,False,,MISS Wroten 3' Driving Jump Shot,25-33,25,33
0021301103,2014-03-31,ATL,PHI,16.07,2,7,56,ATL,ATL,reb,0,False,False,Muscala REBOUND (Off:0 Def:1),,25-33,25,33
0021301103,2014-03-31,ATL,PHI,16.12,2,7,53,ATL,ATL,tov,1,False,True,Schroder Bad Pass Turnover (P1.T4),,25-33,25,33
0021301103,2014-03-31,ATL,PHI,16.12,2,7,53,ATL,PHI,steal,1,False,True,steal,steal,25-33,25,33
0021301103,2014-03-31,ATL,PHI,16.18,2,7,49,PHI,PHI,fg_make,50,False,False,,Wroten  Running Dunk (6 PTS) (Williams 1 AST),25-35,25,35
0021301103,2014-03-31,ATL,PHI,16.62,2,7,23,ATL,ATL,fg_make,7,False,False,Muscala 2' Dunk (2 PTS) (Schroder 1 AST),,27-35,27,35
0021301103,2014-03-31,ATL,PHI,16.98,2,7,1,PHI,PHI,fg_make,5,False,False,,Carter-Williams 1' Layup (2 PTS) (Wroten 3 AST),27-37,27,37
0021301103,2014-03-31,ATL,PHI,17.32,2,6,41,ATL,ATL,fg_miss,1,False,False,MISS Korver 15' Jump Shot,,27-37,27,37
0021301103,2014-03-31,ATL,PHI,17.32,2,6,41,PHI,PHI,reb,0,False,False,,76ers Rebound,27-37,27,37
0021301103,2014-03-31,ATL,PHI,17.52,2,6,29,PHI,PHI,fg3_make,1,False,False,,Young 25' 3PT Jump Shot (14 PTS) (Carter-Williams 4 AST),27-40,27,40
0021301103,2014-03-31,ATL,PHI,17.82,2,6,11,ATL,ATL,tov,8,False,False,Muscala 3 Second Violation Turnover (P1.T5),,27-40,27,40
0021301103,2014-03-31,ATL,PHI,18.02,2,5,59,PHI,PHI,fg_miss,47,False,False,,MISS Carter-Williams 5' Turnaround Jump Shot,27-40,27,40
0021301103,2014-03-31,ATL,PHI,18.03,2,5,58,ATL,ATL,reb,0,False,False,Muscala REBOUND (Off:0 Def:2),,27-40,27,40
0021301103,2014-03-31,ATL,PHI,18.15,2,5,51,ATL,ATL,fg_miss,42,True,False,MISS Teague 3' Driving Layup,,27-40,27,40
0021301103,2014-03-31,ATL,PHI,18.15,2,5,51,ATL,PHI,block,42,True,False,block,block,27-40,27,40
0021301103,2014-03-31,ATL,PHI,18.17,2,5,50,ATL,ATL,reb,0,False,False,Millsap REBOUND (Off:1 Def:4),,27-40,27,40
0021301103,2014-03-31,ATL,PHI,18.17,2,5,50,ATL,ATL,fg_miss,72,False,False,MISS Millsap 1' Putback Layup,,27-40,27,40
0021301103,2014-03-31,ATL,PHI,18.17,2,5,50,ATL,ATL,reb,0,False,False,Millsap REBOUND (Off:2 Def:4),,27-40,27,40
0021301103,2014-03-31,ATL,PHI,18.17,2,5,50,ATL,PHI,foul,2,False,False,,Sims S.FOUL (P3.T3),27-40,27,40
0021301103,2014-03-31,ATL,PHI,18.17,2,5,50,ATL,,timeout,4,False,False,,,27-40,27,40
0021301103,2014-03-31,ATL,PHI,18.17,2,5,50,ATL,ATL,ft_make,11,False,False,Millsap Free Throw 1 of 2 (10 PTS),,28-40,28,40
0021301103,2014-03-31,ATL,PHI,18.17,2,5,50,ATL,ATL,ft_miss,12,False,False,MISS Millsap Free Throw 2 of 2,,28-40,28,40
0021301103,2014-03-31,ATL,PHI,18.18,2,5,49,PHI,PHI,reb,0,False,False,,Young REBOUND (Off:0 Def:2),28-40,28,40
0021301103,2014-03-31,ATL,PHI,18.4,2,5,36,PHI,PHI,fg_make,42,False,False,,Anderson  Driving Layup (6 PTS),28-42,28,42
0021301103,2014-03-31,ATL,PHI,18.7,2,5,18,ATL,ATL,fg3_make,1,False,False,Mack  3PT Jump Shot (3 PTS) (Teague 2 AST),,31-42,31,42
0021301103,2014-03-31,ATL,PHI,19.0,2,5,0,PHI,PHI,tov,1,False,True,,Anderson Bad Pass Turnover (P1.T7),31-42,31,42
0021301103,2014-03-31,ATL,PHI,19.0,2,5,0,PHI,ATL,steal,1,False,True,steal,steal,31-42,31,42
0021301103,2014-03-31,ATL,PHI,19.08,2,4,55,ATL,ATL,fg_miss,41,False,False,MISS Carroll 2' Running Layup,,31-42,31,42
0021301103,2014-03-31,ATL,PHI,19.1,2,4,54,PHI,PHI,reb,0,False,False,,Carter-Williams REBOUND (Off:0 Def:3),31-42,31,42
0021301103,2014-03-31,ATL,PHI,19.2,2,4,48,PHI,PHI,fg3_miss,1,False,False,,MISS Anderson 25' 3PT Jump Shot,31-42,31,42
0021301103,2014-03-31,ATL,PHI,19.22,2,4,47,ATL,ATL,reb,0,False,False,Millsap REBOUND (Off:2 Def:5),,31-42,31,42
0021301103,2014-03-31,ATL,PHI,19.22,2,4,47,ATL,PHI,foul,1,False,False,,Young P.FOUL (P1.T4),31-42,31,42
0021301103,2014-03-31,ATL,PHI,19.4,2,4,36,ATL,ATL,fg_make,41,False,False,Millsap 1' Running Layup (12 PTS) (Teague 3 AST),,33-42,33,42
0021301103,2014-03-31,ATL,PHI,19.4,2,4,36,PHI,PHI,timeout,2,False,False,,76ers Timeout: Short (Reg.2 Short 1),33-42,33,42
0021301103,2014-03-31,ATL,PHI,19.62,2,4,23,PHI,PHI,fg_miss,5,False,False,,MISS Anderson 1' Layup,33-42,33,42
0021301103,2014-03-31,ATL,PHI,19.63,2,4,22,ATL,ATL,reb,0,False,False,Carroll REBOUND (Off:0 Def:1),,33-42,33,42
0021301103,2014-03-31,ATL,PHI,19.83,2,4,10,ATL,ATL,fg_miss,77,True,False,MISS Antic 3' Driving Jump Shot,,33-42,33,42
0021301103,2014-03-31,ATL,PHI,19.83,2,4,10,ATL,PHI,block,77,True,False,block,block,33-42,33,42
0021301103,2014-03-31,ATL,PHI,19.87,2,4,8,ATL,ATL,reb,0,False,False,Mack REBOUND (Off:1 Def:0),,33-42,33,42
0021301103,2014-03-31,ATL,PHI,19.93,2,4,4,ATL,ATL,fg3_miss,1,False,False,MISS Carroll 24' 3PT Jump Shot,,33-42,33,42
0021301103,2014-03-31,ATL,PHI,19.95,2,4,3,PHI,PHI,reb,0,False,False,,Varnado REBOUND (Off:1 Def:5),33-42,33,42
0021301103,2014-03-31,ATL,PHI,20.07,2,3,56,PHI,PHI,fg_make,1,False,False,,Carter-Williams 19' Jump Shot (4 PTS),33-44,33,44
0021301103,2014-03-31,ATL,PHI,20.25,2,3,45,ATL,ATL,tov,1,False,True,Antic Bad Pass Turnover (P1.T6),,33-44,33,44
0021301103,2014-03-31,ATL,PHI,20.25,2,3,45,ATL,PHI,steal,1,False,True,steal,steal,33-44,33,44
0021301103,2014-03-31,ATL,PHI,20.35,2,3,39,PHI,PHI,fg_make,41,False,False,,Anderson 2' Running Layup (8 PTS) (Young 1 AST),33-46,33,46
0021301103,2014-03-31,ATL,PHI,20.67,2,3,20,ATL,ATL,fg3_make,1,False,False,Teague 25' 3PT Jump Shot (3 PTS) (Carroll 1 AST),,36-46,36,46
0021301103,2014-03-31,ATL,PHI,20.83,2,3,10,PHI,PHI,fg_make,7,False,False,,Varnado  Dunk (4 PTS) (Young 2 AST),36-48,36,48
0021301103,2014-03-31,ATL,PHI,20.83,2,3,10,PHI,ATL,foul,2,False,False,Antic S.FOUL (P2.T4),,36-48,36,48
0021301103,2014-03-31,ATL,PHI,20.83,2,3,10,ATL,ATL,timeout,1,False,False,HAWKS Timeout: Regular (Full 2 Short 0),,36-48,36,48
0021301103,2014-03-31,ATL,PHI,20.83,2,3,10,PHI,PHI,ft_miss,10,False,False,,MISS Varnado Free Throw 1 of 1,36-48,36,48
0021301103,2014-03-31,ATL,PHI,20.85,2,3,9,ATL,ATL,reb,0,False,False,Brand REBOUND (Off:1 Def:1),,36-48,36,48
0021301103,2014-03-31,ATL,PHI,21.12,2,2,53,ATL,ATL,fg3_miss,1,False,False,MISS Carroll 24' 3PT Jump Shot,,36-48,36,48
0021301103,2014-03-31,ATL,PHI,21.13,2,2,52,PHI,PHI,reb,0,False,False,,Varnado REBOUND (Off:1 Def:6),36-48,36,48
0021301103,2014-03-31,ATL,PHI,21.23,2,2,46,ATL,PHI,foul,4,False,False,,Varnado OFF.Foul (P1),36-48,36,48
0021301103,2014-03-31,ATL,PHI,21.23,2,2,46,PHI,PHI,tov,5,False,False,,Varnado Foul Turnover (P1.T8),36-48,36,48
0021301103,2014-03-31,ATL,PHI,21.4,2,2,36,ATL,ATL,fg_miss,42,True,False,MISS Teague 3' Driving Layup,,36-48,36,48
0021301103,2014-03-31,ATL,PHI,21.4,2,2,36,ATL,PHI,block,42,True,False,block,block,36-48,36,48
0021301103,2014-03-31,ATL,PHI,21.4,2,2,36,ATL,ATL,reb,0,False,False,HAWKS Rebound,,36-48,36,48
0021301103,2014-03-31,ATL,PHI,21.52,2,2,29,ATL,ATL,fg_miss,77,False,False,MISS Millsap 9' Driving Jump Shot,,36-48,36,48
0021301103,2014-03-31,ATL,PHI,21.53,2,2,28,ATL,ATL,reb,0,False,False,Carroll REBOUND (Off:1 Def:1),,36-48,36,48
0021301103,2014-03-31,ATL,PHI,21.55,2,2,27,ATL,ATL,fg_make,72,False,False,Carroll 1' Putback Layup (2 PTS),,38-48,38,48
0021301103,2014-03-31,ATL,PHI,21.83,2,2,10,PHI,PHI,fg_miss,3,False,False,,MISS Young 9' Hook Shot,38-48,38,48
0021301103,2014-03-31,ATL,PHI,21.88,2,2,7,ATL,ATL,reb,0,False,False,Brand REBOUND (Off:1 Def:2),,38-48,38,48
0021301103,2014-03-31,ATL,PHI,22.18,2,1,49,ATL,ATL,tov,1,False,True,Millsap Bad Pass Turnover (P2.T7),,38-48,38,48
0021301103,2014-03-31,ATL,PHI,22.18,2,1,49,ATL,PHI,steal,1,False,True,steal,steal,38-48,38,48
0021301103,2014-03-31,ATL,PHI,22.32,2,1,41,PHI,PHI,fg_make,5,False,False,,Anderson 2' Layup (10 PTS) (Young 3 AST),38-50,38,50
0021301103,2014-03-31,ATL,PHI,22.62,2,1,23,ATL,ATL,fg_make,5,False,False,Millsap 1' Layup (14 PTS),,40-50,40,50
0021301103,2014-03-31,ATL,PHI,22.75,2,1,15,PHI,PHI,fg_make,77,False,False,,Carter-Williams 8' Driving Jump Shot (6 PTS),40-52,40,52
0021301103,2014-03-31,ATL,PHI,22.85,2,1,9,ATL,PHI,foul,2,False,False,,Carter-Williams S.FOUL (P2.PN),40-52,40,52
0021301103,2014-03-31,ATL,PHI,22.85,2,1,9,ATL,ATL,ft_make,11,False,False,Teague Free Throw 1 of 2 (4 PTS),,41-52,41,52
0021301103,2014-03-31,ATL,PHI,22.85,2,1,9,ATL,ATL,ft_make,12,False,False,Teague Free Throw 2 of 2 (5 PTS),,42-52,42,52
0021301103,2014-03-31,ATL,PHI,23.0,2,1,0,PHI,PHI,fg3_miss,1,False,False,,MISS Ware 25' 3PT Jump Shot,42-52,42,52
0021301103,2014-03-31,ATL,PHI,23.02,2,0,59,ATL,ATL,reb,0,False,False,Teague REBOUND (Off:0 Def:2),,42-52,42,52
0021301103,2014-03-31,ATL,PHI,23.22,2,0,47,ATL,PHI,foul,1,False,False,,Young P.FOUL (P2.PN),42-52,42,52
0021301103,2014-03-31,ATL,PHI,23.22,2,0,47,ATL,ATL,ft_miss,11,False,False,MISS Millsap Free Throw 1 of 2,,42-52,42,52
0021301103,2014-03-31,ATL,PHI,23.22,2,0,47,ATL,ATL,reb,1,False,False,HAWKS Rebound,,42-52,42,52
0021301103,2014-03-31,ATL,PHI,23.22,2,0,47,ATL,ATL,ft_make,12,False,False,Millsap Free Throw 2 of 2 (15 PTS),,43-52,43,52
0021301103,2014-03-31,ATL,PHI,23.25,2,0,45,PHI,ATL,foul,28,False,False,Mack Personal Take Foul (P1.PN),,43-52,43,52
0021301103,2014-03-31,ATL,PHI,23.25,2,0,45,PHI,PHI,ft_miss,11,False,False,,MISS Varnado Free Throw 1 of 2,43-52,43,52
0021301103,2014-03-31,ATL,PHI,23.25,2,0,45,PHI,PHI,reb,1,False,False,,76ers Rebound,43-52,43,52
0021301103,2014-03-31,ATL,PHI,23.25,2,0,45,PHI,PHI,ft_make,12,False,False,,Varnado Free Throw 2 of 2 (5 PTS),43-53,43,53
0021301103,2014-03-31,ATL,PHI,23.52,2,0,29,ATL,ATL,fg_miss,77,False,False,MISS Teague 7' Driving Jump Shot,,43-53,43,53
0021301103,2014-03-31,ATL,PHI,23.57,2,0,26,PHI,PHI,reb,0,False,False,,Thompson REBOUND (Off:0 Def:2),43-53,43,53
0021301103,2014-03-31,ATL,PHI,23.87,2,0,8,PHI,PHI,tov,40,False,False,,Wroten Out of Bounds Lost Ball Turnover (P4.T9),43-53,43,53
0021301103,2014-03-31,ATL,PHI,23.98,2,0,1,ATL,ATL,fg3_miss,1,False,False,MISS Scott 26' 3PT Jump Shot,,43-53,43,53
0021301103,2014-03-31,ATL,PHI,24.0,2,0,0,PHI,PHI,reb,0,False,False,,Varnado REBOUND (Off:1 Def:7),43-53,43,53
0021301103,2014-03-31,ATL,PHI,24.0,2,0,0,PHI,,period_end,0,False,False,,,43-53,43,53
0021301103,2014-03-31,ATL,PHI,24.0,3,12,0,PHI,,period_start,0,False,False,,,43-53,43,53
0021301103,2014-03-31,ATL,PHI,24.2,3,11,48,ATL,ATL,fg3_make,1,False,False,Korver 26' 3PT Jump Shot (3 PTS) (Millsap 3 AST),,46-53,46,53
0021301103,2014-03-31,ATL,PHI,24.48,3,11,31,PHI,PHI,fg_miss,1,False,False,,MISS Young 17' Jump Shot,46-53,46,53
0021301103,2014-03-31,ATL,PHI,24.5,3,11,30,ATL,ATL,reb,0,False,False,Millsap REBOUND (Off:2 Def:6),,46-53,46,53
0021301103,2014-03-31,ATL,PHI,24.85,3,11,9,ATL,ATL,fg3_make,1,False,False,Millsap 24' 3PT Jump Shot (18 PTS) (Carroll 2 AST),,49-53,49,53
0021301103,2014-03-31,ATL,PHI,25.15,3,10,51,PHI,PHI,fg3_make,1,False,False,,Thompson 24' 3PT Jump Shot (5 PTS) (Anderson 2 AST),49-56,49,56
0021301103,2014-03-31,ATL,PHI,25.15,3,10,51,PHI,ATL,foul,2,False,False,Korver S.FOUL (P2.T1),,49-56,49,56
0021301103,2014-03-31,ATL,PHI,25.15,3,10,51,PHI,PHI,ft_miss,10,False,False,,MISS Thompson Free Throw 1 of 1,49-56,49,56
0021301103,2014-03-31,ATL,PHI,25.15,3,10,51,ATL,ATL,reb,0,False,False,Millsap REBOUND (Off:2 Def:7),,49-56,49,56
0021301103,2014-03-31,ATL,PHI,25.35,3,10,39,ATL,ATL,fg3_miss,1,False,False,MISS Korver 25' 3PT Jump Shot,,49-56,49,56
0021301103,2014-03-31,ATL,PHI,25.37,3,10,38,PHI,PHI,reb,0,False,False,,Carter-Williams REBOUND (Off:0 Def:4),49-56,49,56
0021301103,2014-03-31,ATL,PHI,25.55,3,10,27,PHI,PHI,fg_miss,1,False,False,,MISS Anderson 21' Jump Shot,49-56,49,56
0021301103,2014-03-31,ATL,PHI,25.57,3,10,26,ATL,ATL,reb,0,False,False,Antic REBOUND (Off:1 Def:2),,49-56,49,56
0021301103,2014-03-31,ATL,PHI,25.78,3,10,13,ATL,ATL,tov,2,False,True,Millsap Lost Ball Turnover (P3.T8),,49-56,49,56
0021301103,2014-03-31,ATL,PHI,25.78,3,10,13,ATL,PHI,steal,2,False,True,steal,steal,49-56,49,56
0021301103,2014-03-31,ATL,PHI,25.82,3,10,11,PHI,ATL,foul,1,False,False,Carroll P.FOUL (P1.T2),,49-56,49,56
0021301103,2014-03-31,ATL,PHI,26.02,3,9,59,PHI,PHI,fg_miss,1,False,False,,MISS Carter-Williams 22' Jump Shot,49-56,49,56
0021301103,2014-03-31,ATL,PHI,26.05,3,9,57,ATL,ATL,reb,0,False,False,Millsap REBOUND (Off:2 Def:8),,49-56,49,56
0021301103,2014-03-31,ATL,PHI,26.18,3,9,49,ATL,ATL,tov,1,False,True,Teague Bad Pass Turnover (P2.T9),,49-56,49,56
0021301103,2014-03-31,ATL,PHI,26.18,3,9,49,ATL,PHI,steal,1,False,True,steal,steal,49-56,49,56
0021301103,2014-03-31,ATL,PHI,26.5,3,9,30,PHI,PHI,fg_make,42,False,False,,Carter-Williams 3' Driving Layup (8 PTS),49-58,49,58
0021301103,2014-03-31,ATL,PHI,26.95,3,9,3,ATL,ATL,fg3_make,1,False,False,Carroll  3PT Jump Shot (5 PTS) (Teague 4 AST),,52-58,52,58
0021301103,2014-03-31,ATL,PHI,27.4,3,8,36,PHI,PHI,fg3_make,1,False,False,,Anderson 24' 3PT Jump Shot (13 PTS) (Carter-Williams 5 AST),52-61,52,61
0021301103,2014-03-31,ATL,PHI,27.67,3,8,20,ATL,ATL,fg_make,1,False,False,Korver 19' Jump Shot (5 PTS) (Carroll 3 AST),,54-61,54,61
0021301103,2014-03-31,ATL,PHI,27.9,3,8,6,PHI,PHI,fg_make,1,False,False,,Young 17' Jump Shot (16 PTS) (Carter-Williams 6 AST),54-63,54,63
0021301103,2014-03-31,ATL,PHI,28.17,3,7,50,ATL,PHI,foul,2,False,False,,Thompson S.FOUL (P2.T1),54-63,54,63
0021301103,2014-03-31,ATL,PHI,28.17,3,7,50,ATL,ATL,ft_miss,13,False,False,MISS Korver Free Throw 1 of 3,,54-63,54,63
0021301103,2014-03-31,ATL,PHI,28.17,3,7,50,ATL,ATL,reb,1,False,False,HAWKS Rebound,,54-63,54,63
0021301103,2014-03-31,ATL,PHI,28.17,3,7,50,ATL,ATL,ft_make,14,False,False,Korver Free Throw 2 of 3 (6 PTS),,55-63,55,63
0021301103,2014-03-31,ATL,PHI,28.17,3,7,50,ATL,ATL,ft_make,15,False,False,Korver Free Throw 3 of 3 (7 PTS),,56-63,56,63
0021301103,2014-03-31,ATL,PHI,28.37,3,7,38,PHI,PHI,fg_make,41,False,False,,Young 2' Running Layup (18 PTS) (Carter-Williams 7 AST),56-65,56,65
0021301103,2014-03-31,ATL,PHI,28.68,3,7,19,ATL,ATL,fg3_miss,1,False,False,MISS Millsap 25' 3PT Jump Shot,,56-65,56,65
0021301103,2014-03-31,ATL,PHI,28.7,3,7,18,ATL,ATL,reb,0,False,False,Teague REBOUND (Off:1 Def:2),,56-65,56,65
0021301103,2014-03-31,ATL,PHI,28.8,3,7,12,ATL,ATL,tov,2,False,True,Teague Lost Ball Turnover (P3.T10),,56-65,56,65
0021301103,2014-03-31,ATL,PHI,28.8,3,7,12,ATL,PHI,steal,2,False,True,steal,steal,56-65,56,65
0021301103,2014-03-31,ATL,PHI,28.92,3,7,5,PHI,PHI,fg3_make,1,False,False,,Anderson 25' 3PT Jump Shot (16 PTS) (Young 4 AST),56-68,56,68
0021301103,2014-03-31,ATL,PHI,29.27,3,6,44,ATL,ATL,fg_make,5,False,False,Millsap  Layup (20 PTS) (Korver 2 AST),,58-68,58,68
0021301103,2014-03-31,ATL,PHI,29.45,3,6,33,PHI,PHI,timeout,1,False,False,,76ers Timeout: Regular (Reg.3 Short 1),58-68,58,68
0021301103,2014-03-31,ATL,PHI,29.47,3,6,32,PHI,PHI,tov,2,False,True,,Anderson Lost Ball Turnover (P2.T10),58-68,58,68
0021301103,2014-03-31,ATL,PHI,29.47,3,6,32,PHI,ATL,steal,2,False,True,steal,steal,58-68,58,68
0021301103,2014-03-31,ATL,PHI,29.5,3,6,30,,ATL,jump_ball,0,False,False,Jump Ball Korver vs. Carter-Williams: Tip to Thompson,,58-68,58,68
0021301103,2014-03-31,ATL,PHI,29.5,3,6,30,ATL,ATL,tov,2,False,True,Korver Lost Ball Turnover (P1.T11),,58-68,58,68
0021301103,2014-03-31,ATL,PHI,29.5,3,6,30,ATL,PHI,steal,2,False,True,steal,steal,58-68,58,68
0021301103,2014-03-31,ATL,PHI,29.87,3,6,8,PHI,PHI,tov,4,False,False,,Thompson Traveling Turnover (P1.T11),58-68,58,68
0021301103,2014-03-31,ATL,PHI,30.07,3,5,56,ATL,ATL,fg_make,42,False,False,Millsap 2' Driving Layup (22 PTS) (Teague 5 AST),,60-68,60,68
0021301103,2014-03-31,ATL,PHI,30.35,3,5,39,PHI,PHI,fg3_miss,1,False,False,,MISS Carter-Williams 26' 3PT Jump Shot,60-68,60,68
0021301103,2014-03-31,ATL,PHI,30.38,3,5,37,PHI,PHI,reb,0,False,False,,Sims REBOUND (Off:1 Def:2),60-68,60,68
0021301103,2014-03-31,ATL,PHI,30.5,3,5,30,PHI,PHI,tov,4,False,False,,Sims Traveling Turnover (P1.T12),60-68,60,68
0021301103,2014-03-31,ATL,PHI,30.82,3,5,11,ATL,PHI,foul,2,False,False,,Young S.FOUL (P3.T2),60-68,60,68
0021301103,2014-03-31,ATL,PHI,30.82,3,5,11,ATL,ATL,ft_make,11,False,False,Millsap Free Throw 1 of 2 (23 PTS),,61-68,61,68
0021301103,2014-03-31,ATL,PHI,30.82,3,5,11,ATL,ATL,ft_make,12,False,False,Millsap Free Throw 2 of 2 (24 PTS),,62-68,62,68
0021301103,2014-03-31,ATL,PHI,31.07,3,4,56,PHI,PHI,fg_make,49,False,False,,Sims  Driving Dunk (7 PTS) (Carter-Williams 8 AST),62-70,62,70
0021301103,2014-03-31,ATL,PHI,31.07,3,4,56,PHI,ATL,foul,2,False,False,Williams S.FOUL (P1.T3),,62-70,62,70
0021301103,2014-03-31,ATL,PHI,31.07,3,4,56,PHI,PHI,ft_make,10,False,False,,Sims Free Throw 1 of 1 (8 PTS),62-71,62,71
0021301103,2014-03-31,ATL,PHI,31.18,3,4,49,ATL,PHI,foul,1,False,False,,Wroten P.FOUL (P1.T3),62-71,62,71
0021301103,2014-03-31,ATL,PHI,31.37,3,4,38,ATL,ATL,tov,1,False,True,Teague Bad Pass Turnover (P4.T12),,62-71,62,71
0021301103,2014-03-31,ATL,PHI,31.37,3,4,38,ATL,PHI,steal,1,False,True,steal,steal,62-71,62,71
0021301103,2014-03-31,ATL,PHI,31.42,3,4,35,PHI,PHI,tov,2,False,True,,Carter-Williams Lost Ball Turnover (P1.T13),62-71,62,71
0021301103,2014-03-31,ATL,PHI,31.42,3,4,35,PHI,ATL,steal,2,False,True,steal,steal,62-71,62,71
0021301103,2014-03-31,ATL,PHI,31.52,3,4,29,ATL,ATL,fg3_miss,1,False,False,MISS Williams  3PT Jump Shot,,62-71,62,71
0021301103,2014-03-31,ATL,PHI,31.55,3,4,27,ATL,ATL,reb,0,False,False,Carroll REBOUND (Off:2 Def:1),,62-71,62,71
0021301103,2014-03-31,ATL,PHI,31.6,3,4,24,ATL,ATL,tov,2,False,True,Carroll Lost Ball Turnover (P1.T13),,62-71,62,71
0021301103,2014-03-31,ATL,PHI,31.6,3,4,24,ATL,PHI,steal,2,False,True,steal,steal,62-71,62,71
0021301103,2014-03-31,ATL,PHI,31.6,3,4,24,PHI,ATL,foul,1,False,False,Carroll P.FOUL (P2.T4),,62-71,62,71
0021301103,2014-03-31,ATL,PHI,31.78,3,4,13,PHI,PHI,fg_miss,1,False,False,,MISS Wroten 3' Jump Shot,62-71,62,71
0021301103,2014-03-31,ATL,PHI,31.78,3,4,13,ATL,ATL,reb,0,False,False,HAWKS Rebound,,62-71,62,71
0021301103,2014-03-31,ATL,PHI,31.78,3,4,13,ATL,PHI,foul,3,False,False,,Wroten L.B.FOUL (P2.T4),62-71,62,71
0021301103,2014-03-31,ATL,PHI,31.95,3,4,3,ATL,ATL,fg_make,42,False,False,Teague 1' Driving Layup (7 PTS),,64-71,64,71
0021301103,2014-03-31,ATL,PHI,32.17,3,3,50,PHI,PHI,fg_miss,1,False,False,,MISS Carter-Williams 19' Jump Shot,64-71,64,71
0021301103,2014-03-31,ATL,PHI,32.18,3,3,49,ATL,ATL,reb,0,False,False,Millsap REBOUND (Off:2 Def:9),,64-71,64,71
0021301103,2014-03-31,ATL,PHI,32.57,3,3,26,ATL,ATL,fg3_miss,1,False,False,MISS Teague 25' 3PT Jump Shot,,64-71,64,71
0021301103,2014-03-31,ATL,PHI,32.58,3,3,25,ATL,ATL,reb,0,False,False,Williams REBOUND (Off:1 Def:1),,64-71,64,71
0021301103,2014-03-31,ATL,PHI,32.63,3,3,22,ATL,ATL,fg_make,1,False,False,Brand 16' Jump Shot (4 PTS) (Williams 3 AST),,66-71,66,71
0021301103,2014-03-31,ATL,PHI,33.02,3,2,59,PHI,ATL,foul,2,False,False,Brand S.FOUL (P2.PN),,66-71,66,71
0021301103,2014-03-31,ATL,PHI,33.02,3,2,59,ATL,ATL,timeout,1,False,False,HAWKS Timeout: Regular (Full 3 Short 0),,66-71,66,71
0021301103,2014-03-31,ATL,PHI,33.02,3,2,59,ATL,PHI,ft_make,11,False,False,,Young Free Throw 1 of 2 (19 PTS),66-72,66,72
0021301103,2014-03-31,ATL,PHI,33.02,3,2,59,ATL,PHI,ft_make,12,False,False,,Young Free Throw 2 of 2 (20 PTS),66-73,66,73
0021301103,2014-03-31,ATL,PHI,33.27,3,2,44,ATL,ATL,fg_make,77,False,False,Williams 13' Driving Jump Shot (8 PTS) (Brand 1 AST),,68-73,68,73
0021301103,2014-03-31,ATL,PHI,33.27,3,2,44,ATL,PHI,foul,2,False,False,,Ware S.FOUL (P2.PN),68-73,68,73
0021301103,2014-03-31,ATL,PHI,33.27,3,2,44,ATL,ATL,ft_make,10,False,False,Williams Free Throw 1 of 1 (9 PTS),,69-73,69,73
0021301103,2014-03-31,ATL,PHI,33.47,3,2,32,PHI,PHI,tov,1,False,True,,Varnado Bad Pass Turnover (P2.T14),69-73,69,73
0021301103,2014-03-31,ATL,PHI,33.47,3,2,32,PHI,ATL,steal,1,False,True,steal,steal,69-73,69,73
0021301103,2014-03-31,ATL,PHI,33.53,3,2,28,ATL,ATL,fg_make,50,False,False,Carroll 1' Running Dunk (7 PTS),,71-73,71,73
0021301103,2014-03-31,ATL,PHI,33.85,3,2,9,ATL,PHI,foul,26,False,False,,Wroten Offensive Charge Foul (P3.PN),71-73,71,73
0021301103,2014-03-31,ATL,PHI,33.85,3,2,9,PHI,PHI,tov,5,False,False,,Wroten Foul Turnover (P5.T15),71-73,71,73
0021301103,2014-03-31,ATL,PHI,34.13,3,1,52,ATL,PHI,foul,1,False,False,,Wroten P.FOUL (P4.PN),71-73,71,73
0021301103,2014-03-31,ATL,PHI,34.13,3,1,52,ATL,ATL,ft_make,11,False,False,Williams Free Throw 1 of 2 (10 PTS),,72-73,72,73
0021301103,2014-03-31,ATL,PHI,34.13,3,1,52,ATL,ATL,ft_make,12,False,False,Williams Free Throw 2 of 2 (11 PTS),,73-73,73,73
0021301103,2014-03-31,ATL,PHI,34.3,3,1,42,PHI,PHI,fg_miss,1,False,False,,MISS Ware 20' Jump Shot,73-73,73,73
0021301103,2014-03-31,ATL,PHI,34.37,3,1,38,ATL,ATL,reb,0,False,False,Williams REBOUND (Off:1 Def:2),,73-73,73,73
0021301103,2014-03-31,ATL,PHI,34.43,3,1,34,ATL,ATL,fg_make,5,False,False,Carroll 1' Layup (9 PTS) (Williams 4 AST),,75-73,75,73
0021301103,2014-03-31,ATL,PHI,34.78,3,1,13,PHI,PHI,fg3_miss,1,False,False,,MISS Wroten 26' 3PT Jump Shot,75-73,75,73
0021301103,2014-03-31,ATL,PHI,34.82,3,1,11,ATL,ATL,reb,0,False,False,Brand REBOUND (Off:1 Def:3),,75-73,75,73
0021301103,2014-03-31,ATL,PHI,35.05,3,0,57,ATL,ATL,fg3_miss,1,False,False,MISS Scott 25' 3PT Jump Shot,,75-73,75,73
0021301103,2014-03-31,ATL,PHI,35.08,3,0,55,PHI,PHI,reb,0,False,False,,Young REBOUND (Off:0 Def:3),75-73,75,73
0021301103,2014-03-31,ATL,PHI,35.48,3,0,31,PHI,PHI,fg3_miss,1,False,False,,MISS Ware 25' 3PT Jump Shot,75-73,75,73
0021301103,2014-03-31,ATL,PHI,35.52,3,0,29,ATL,ATL,reb,0,False,False,Scott REBOUND (Off:0 Def:3),,75-73,75,73
0021301103,2014-03-31,ATL,PHI,35.85,3,0,9,ATL,ATL,fg_miss,66,False,False,MISS Teague 14' Jump Bank Shot,,75-73,75,73
0021301103,2014-03-31,ATL,PHI,35.92,3,0,5,PHI,PHI,reb,0,False,False,,Varnado REBOUND (Off:1 Def:8),75-73,75,73
0021301103,2014-03-31,ATL,PHI,35.98,3,0,1,PHI,PHI,fg_miss,5,False,False,,MISS Williams 1' Layup,75-73,75,73
0021301103,2014-03-31,ATL,PHI,36.0,3,0,0,ATL,ATL,reb,0,False,False,Carroll REBOUND (Off:2 Def:2),,75-73,75,73
0021301103,2014-03-31,ATL,PHI,36.0,3,0,0,ATL,,period_end,0,False,False,,,75-73,75,73
0021301103,2014-03-31,ATL,PHI,36.0,4,12,0,ATL,,period_start,0,False,False,,,75-73,75,73
0021301103,2014-03-31,ATL,PHI,36.15,4,11,51,PHI,PHI,tov,1,False,False,,Ware Bad Pass Turnover (P1.T16),75-73,75,73
0021301103,2014-03-31,ATL,PHI,36.32,4,11,41,ATL,PHI,foul,1,False,False,,Williams P.FOUL (P2.T1),75-73,75,73
0021301103,2014-03-31,ATL,PHI,36.55,4,11,27,ATL,ATL,fg_miss,42,False,False,MISS Schroder 3' Driving Layup,,75-73,75,73
0021301103,2014-03-31,ATL,PHI,36.55,4,11,27,PHI,PHI,reb,0,False,False,,76ers Rebound,75-73,75,73
0021301103,2014-03-31,ATL,PHI,36.55,4,11,27,PHI,ATL,foul,3,False,False,Brand L.B.FOUL (P3.T1),,75-73,75,73
0021301103,2014-03-31,ATL,PHI,36.73,4,11,16,PHI,PHI,fg_miss,42,False,False,,MISS Sims 2' Driving Layup,75-73,75,73
0021301103,2014-03-31,ATL,PHI,36.77,4,11,14,ATL,ATL,reb,0,False,False,Williams REBOUND (Off:1 Def:3),,75-73,75,73
0021301103,2014-03-31,ATL,PHI,36.95,4,11,3,ATL,,foul,11,False,False,,,75-73,75,73
0021301103,2014-03-31,ATL,PHI,36.95,4,11,3,ATL,ATL,ft_make,16,False,False,Williams Free Throw Technical (12 PTS),,76-73,76,73
0021301103,2014-03-31,ATL,PHI,37.05,4,10,57,ATL,ATL,fg_make,5,False,False,Scott 1' Layup (6 PTS) (Williams 5 AST),,78-73,78,73
0021301103,2014-03-31,ATL,PHI,37.2,4,10,48,PHI,PHI,fg3_make,1,False,False,,Davies 25' 3PT Jump Shot (3 PTS) (Anderson 3 AST),78-76,78,76
0021301103,2014-03-31,ATL,PHI,37.57,4,10,26,ATL,ATL,fg3_miss,66,False,False,MISS Carroll 25' 3PT Jump Bank Shot,,78-76,78,76
0021301103,2014-03-31,ATL,PHI,37.62,4,10,23,PHI,PHI,reb,0,False,False,,Sims REBOUND (Off:1 Def:3),78-76,78,76
0021301103,2014-03-31,ATL,PHI,37.78,4,10,13,PHI,PHI,fg3_miss,1,False,False,,MISS Ware 25' 3PT Jump Shot,78-76,78,76
0021301103,2014-03-31,ATL,PHI,37.82,4,10,11,PHI,PHI,reb,0,False,False,,Williams REBOUND (Off:2 Def:1),78-76,78,76
0021301103,2014-03-31,ATL,PHI,37.9,4,10,6,PHI,PHI,fg3_miss,1,False,False,,MISS Anderson 24' 3PT Jump Shot,78-76,78,76
0021301103,2014-03-31,ATL,PHI,37.93,4,10,4,ATL,ATL,reb,0,False,False,Williams REBOUND (Off:1 Def:4),,78-76,78,76
0021301103,2014-03-31,ATL,PHI,38.13,4,9,52,ATL,ATL,tov,1,False,False,Williams Bad Pass Turnover (P1.T14),,78-76,78,76
0021301103,2014-03-31,ATL,PHI,38.5,4,9,30,PHI,PHI,tov,1,False,True,,Anderson Bad Pass Turnover (P3.T17),78-76,78,76
0021301103,2014-03-31,ATL,PHI,38.5,4,9,30,PHI,ATL,steal,1,False,True,steal,steal,78-76,78,76
0021301103,2014-03-31,ATL,PHI,38.65,4,9,21,ATL,ATL,fg_make,77,False,False,Williams 3' Driving Jump Shot (14 PTS),,80-76,80,76
0021301103,2014-03-31,ATL,PHI,38.8,4,9,12,PHI,ATL,foul,1,False,False,Scott P.FOUL (P1.T2),,80-76,80,76
0021301103,2014-03-31,ATL,PHI,38.98,4,9,1,PHI,PHI,tov,1,False,True,,Carter-Williams Bad Pass Turnover (P2.T18),80-76,80,76
0021301103,2014-03-31,ATL,PHI,38.98,4,9,1,PHI,ATL,steal,1,False,True,steal,steal,80-76,80,76
0021301103,2014-03-31,ATL,PHI,39.22,4,8,47,ATL,ATL,fg_miss,1,False,False,MISS Brand 14' Jump Shot,,80-76,80,76
0021301103,2014-03-31,ATL,PHI,39.23,4,8,46,PHI,PHI,reb,0,False,False,,Carter-Williams REBOUND (Off:0 Def:5),80-76,80,76
0021301103,2014-03-31,ATL,PHI,39.33,4,8,40,PHI,PHI,fg_make,73,False,False,,Williams 2' Driving Reverse Layup (7 PTS),80-78,80,78
0021301103,2014-03-31,ATL,PHI,39.33,4,8,40,PHI,ATL,foul,2,False,False,Brand S.FOUL (P4.T3),,80-78,80,78
0021301103,2014-03-31,ATL,PHI,39.33,4,8,40,PHI,,timeout,4,False,False,,,80-78,80,78
0021301103,2014-03-31,ATL,PHI,39.33,4,8,40,PHI,PHI,ft_make,10,False,False,,Williams Free Throw 1 of 1 (8 PTS),80-79,80,79
0021301103,2014-03-31,ATL,PHI,39.63,4,8,22,ATL,ATL,tov,2,False,True,Korver Lost Ball Turnover (P2.T15),,80-79,80,79
0021301103,2014-03-31,ATL,PHI,39.63,4,8,22,ATL,PHI,steal,2,False,True,steal,steal,80-79,80,79
0021301103,2014-03-31,ATL,PHI,39.9,4,8,6,,ATL,jump_ball,0,False,False,Jump Ball Korver vs. Davies: Tip to Carter-Williams,,80-79,80,79
0021301103,2014-03-31,ATL,PHI,40.07,4,7,56,PHI,PHI,fg_miss,5,False,False,,MISS Sims 2' Layup,80-79,80,79
0021301103,2014-03-31,ATL,PHI,40.08,4,7,55,PHI,PHI,reb,0,False,False,,Sims REBOUND (Off:2 Def:3),80-79,80,79
0021301103,2014-03-31,ATL,PHI,40.08,4,7,55,PHI,PHI,fg_miss,4,False,False,,MISS Sims 1' Tip Shot,80-79,80,79
0021301103,2014-03-31,ATL,PHI,40.08,4,7,55,ATL,ATL,reb,0,False,False,HAWKS Rebound,,80-79,80,79
0021301103,2014-03-31,ATL,PHI,40.08,4,7,55,ATL,PHI,foul,3,False,False,,Davies L.B.FOUL (P2.T2),80-79,80,79
0021301103,2014-03-31,ATL,PHI,40.25,4,7,45,ATL,ATL,fg_make,1,False,False,Korver 18' Jump Shot (9 PTS) (Schroder 2 AST),,82-79,82,79
0021301103,2014-03-31,ATL,PHI,40.5,4,7,30,PHI,PHI,fg3_miss,1,False,False,,MISS Williams 25' 3PT Jump Shot,82-79,82,79
0021301103,2014-03-31,ATL,PHI,40.53,4,7,28,ATL,ATL,reb,0,False,False,Mack REBOUND (Off:1 Def:1),,82-79,82,79
0021301103,2014-03-31,ATL,PHI,40.88,4,7,7,ATL,ATL,fg_make,1,False,False,Schroder 16' Jump Shot (4 PTS),,84-79,84,79
0021301103,2014-03-31,ATL,PHI,41.17,4,6,50,PHI,PHI,fg_miss,42,False,False,,MISS Carter-Williams 2' Driving Layup,84-79,84,79
0021301103,2014-03-31,ATL,PHI,41.18,4,6,49,PHI,PHI,fg_make,4,False,False,,Carter-Williams 1' Tip Shot (10 PTS),84-81,84,81
0021301103,2014-03-31,ATL,PHI,41.18,4,6,49,PHI,PHI,reb,0,False,False,,Carter-Williams REBOUND (Off:1 Def:5),84-79,84,79
0021301103,2014-03-31,ATL,PHI,41.43,4,6,34,ATL,ATL,fg_miss,42,False,False,MISS Millsap 3' Driving Layup,,84-81,84,81
0021301103,2014-03-31,ATL,PHI,41.47,4,6,32,PHI,PHI,reb,0,False,False,,Carter-Williams REBOUND (Off:1 Def:6),84-81,84,81
0021301103,2014-03-31,ATL,PHI,41.53,4,6,28,PHI,PHI,fg_make,41,False,False,,Carter-Williams 1' Running Layup (12 PTS),84-83,84,83
0021301103,2014-03-31,ATL,PHI,41.82,4,6,11,ATL,ATL,fg3_miss,1,False,False,MISS Antic 25' 3PT Jump Shot,,84-83,84,83
0021301103,2014-03-31,ATL,PHI,41.83,4,6,10,PHI,PHI,reb,0,False,False,,Carter-Williams REBOUND (Off:1 Def:7),84-83,84,83
0021301103,2014-03-31,ATL,PHI,42.2,4,5,48,PHI,PHI,fg_make,5,False,False,,Williams 2' Layup (10 PTS),84-85,84,85
0021301103,2014-03-31,ATL,PHI,42.3,4,5,42,ATL,ATL,timeout,1,False,False,HAWKS Timeout: Regular (Full 4 Short 0),,84-85,84,85
0021301103,2014-03-31,ATL,PHI,42.42,4,5,35,ATL,PHI,foul,2,False,False,,Young S.FOUL (P4.T3),84-85,84,85
0021301103,2014-03-31,ATL,PHI,42.42,4,5,35,ATL,ATL,ft_make,11,False,False,Millsap Free Throw 1 of 2 (25 PTS),,85-85,85,85
0021301103,2014-03-31,ATL,PHI,42.42,4,5,35,ATL,ATL,ft_miss,12,False,False,MISS Millsap Free Throw 2 of 2,,85-85,85,85
0021301103,2014-03-31,ATL,PHI,42.43,4,5,34,ATL,ATL,reb,0,False,False,Antic REBOUND (Off:2 Def:2),,85-85,85,85
0021301103,2014-03-31,ATL,PHI,42.5,4,5,30,ATL,ATL,fg_make,46,False,False,Millsap 6' Running Jump Shot (27 PTS) (Antic 2 AST),,87-85,87,85
0021301103,2014-03-31,ATL,PHI,42.73,4,5,16,PHI,ATL,foul,2,False,False,Antic S.FOUL (P3.T4),,87-85,87,85
0021301103,2014-03-31,ATL,PHI,42.73,4,5,16,PHI,PHI,ft_make,11,False,False,,Carter-Williams Free Throw 1 of 2 (13 PTS),87-86,87,86
0021301103,2014-03-31,ATL,PHI,42.73,4,5,16,PHI,PHI,ft_make,12,False,False,,Carter-Williams Free Throw 2 of 2 (14 PTS),87-87,87,87
0021301103,2014-03-31,ATL,PHI,42.93,4,5,4,ATL,ATL,fg3_miss,1,False,False,MISS Korver 25' 3PT Jump Shot,,87-87,87,87
0021301103,2014-03-31,ATL,PHI,42.97,4,5,2,ATL,ATL,reb,0,False,False,Millsap REBOUND (Off:3 Def:9),,87-87,87,87
0021301103,2014-03-31,ATL,PHI,43.23,4,4,46,ATL,ATL,fg3_miss,1,False,False,MISS Antic 25' 3PT Jump Shot,,87-87,87,87
0021301103,2014-03-31,ATL,PHI,43.25,4,4,45,ATL,ATL,reb,0,False,False,Millsap REBOUND (Off:4 Def:9),,87-87,87,87
0021301103,2014-03-31,ATL,PHI,43.37,4,4,38,ATL,ATL,tov,4,False,False,Korver Traveling Turnover (P3.T16),,87-87,87,87
0021301103,2014-03-31,ATL,PHI,43.6,4,4,24,PHI,ATL,foul,2,False,False,Antic S.FOUL (P4.PN),,87-87,87,87
0021301103,2014-03-31,ATL,PHI,43.6,4,4,24,PHI,PHI,ft_miss,11,False,False,,MISS Varnado Free Throw 1 of 2,87-87,87,87
0021301103,2014-03-31,ATL,PHI,43.6,4,4,24,PHI,PHI,reb,1,False,False,,76ers Rebound,87-87,87,87
0021301103,2014-03-31,ATL,PHI,43.6,4,4,24,PHI,PHI,ft_miss,12,False,False,,MISS Varnado Free Throw 2 of 2,87-87,87,87
0021301103,2014-03-31,ATL,PHI,43.62,4,4,23,ATL,ATL,reb,0,False,False,Millsap REBOUND (Off:4 Def:10),,87-87,87,87
0021301103,2014-03-31,ATL,PHI,44.0,4,4,0,ATL,ATL,fg_make,63,False,False,Teague 14' Fadeaway Jumper (9 PTS),,89-87,89,87
0021301103,2014-03-31,ATL,PHI,44.25,4,3,45,PHI,PHI,fg_make,1,False,False,,Carter-Williams 21' Jump Shot (16 PTS),89-89,89,89
0021301103,2014-03-31,ATL,PHI,44.5,4,3,30,ATL,ATL,fg3_miss,1,False,False,MISS Williams 25' 3PT Jump Shot,,89-89,89,89
0021301103,2014-03-31,ATL,PHI,44.55,4,3,27,ATL,ATL,reb,0,False,False,Millsap REBOUND (Off:5 Def:10),,89-89,89,89
0021301103,2014-03-31,ATL,PHI,44.72,4,3,17,ATL,ATL,fg_miss,1,False,False,MISS Brand 16' Jump Shot,,89-89,89,89
0021301103,2014-03-31,ATL,PHI,44.73,4,3,16,PHI,PHI,reb,0,False,False,,Thompson REBOUND (Off:0 Def:3),89-89,89,89
0021301103,2014-03-31,ATL,PHI,44.87,4,3,8,PHI,PHI,fg3_make,1,False,False,,Young  3PT Jump Shot (23 PTS) (Anderson 4 AST),89-92,89,92
0021301103,2014-03-31,ATL,PHI,45.08,4,2,55,ATL,ATL,fg_make,77,False,False,Teague 5' Driving Jump Shot (11 PTS),,91-92,91,92
0021301103,2014-03-31,ATL,PHI,45.08,4,2,55,ATL,PHI,foul,2,False,False,,Young S.FOUL (P5.T4),91-92,91,92
0021301103,2014-03-31,ATL,PHI,45.08,4,2,55,PHI,PHI,timeout,1,False,False,,76ers Timeout: Regular (Reg.4 Short 1),91-92,91,92
0021301103,2014-03-31,ATL,PHI,45.08,4,2,55,PHI,ATL,ft_make,10,False,False,Teague Free Throw 1 of 1 (12 PTS),,92-92,92,92
0021301103,2014-03-31,ATL,PHI,45.25,4,2,45,PHI,PHI,tov,1,False,True,,Carter-Williams Bad Pass Turnover (P3.T19),92-92,92,92
0021301103,2014-03-31,ATL,PHI,45.25,4,2,45,PHI,ATL,steal,1,False,True,steal,steal,92-92,92,92
0021301103,2014-03-31,ATL,PHI,45.57,4,2,26,ATL,ATL,fg_make,78,False,False,Williams 9' Floating Jump Shot (16 PTS),,94-92,94,92
0021301103,2014-03-31,ATL,PHI,45.88,4,2,7,PHI,PHI,fg_miss,1,False,False,,MISS Sims 13' Jump Shot,94-92,94,92
0021301103,2014-03-31,ATL,PHI,45.92,4,2,5,ATL,ATL,reb,0,False,False,Carroll REBOUND (Off:2 Def:3),,94-92,94,92
0021301103,2014-03-31,ATL,PHI,46.18,4,1,49,ATL,ATL,fg3_make,1,False,False,Williams  3PT Jump Shot (19 PTS) (Millsap 4 AST),,97-92,97,92
0021301103,2014-03-31,ATL,PHI,46.18,4,1,49,PHI,PHI,timeout,1,False,False,,76ers Timeout: Regular (Reg.5 Short 1),97-92,97,92
0021301103,2014-03-31,ATL,PHI,46.5,4,1,30,PHI,PHI,fg3_make,1,False,False,,Anderson 24' 3PT Jump Shot (19 PTS) (Carter-Williams 9 AST),97-95,97,95
0021301103,2014-03-31,ATL,PHI,46.8,4,1,12,ATL,ATL,fg3_make,1,False,False,Williams  3PT Jump Shot (22 PTS) (Carroll 4 AST),,100-95,100,95
0021301103,2014-03-31,ATL,PHI,47.07,4,0,56,PHI,PHI,fg3_miss,1,False,False,,MISS Anderson 24' 3PT Jump Shot,100-95,100,95
0021301103,2014-03-31,ATL,PHI,47.1,4,0,54,ATL,ATL,reb,0,False,False,Millsap REBOUND (Off:5 Def:11),,100-95,100,95
0021301103,2014-03-31,ATL,PHI,47.45,4,0,33,ATL,ATL,fg3_miss,1,False,False,MISS Williams 25' 3PT Jump Shot,,100-95,100,95
0021301103,2014-03-31,ATL,PHI,47.47,4,0,32,PHI,PHI,reb,0,False,False,,Carter-Williams REBOUND (Off:1 Def:8),100-95,100,95
0021301103,2014-03-31,ATL,PHI,47.6,4,0,24,PHI,PHI,tov,1,False,False,,Young Bad Pass Turnover (P3.T20),100-95,100,95
0021301103,2014-03-31,ATL,PHI,47.6,4,0,24,ATL,ATL,timeout,2,False,False,HAWKS Timeout: Short (Full 4 Short 1),,100-95,100,95
0021301103,2014-03-31,ATL,PHI,47.63,4,0,22,ATL,PHI,foul,28,False,False,,Thompson Personal Take Foul (P3.PN),100-95,100,95
0021301103,2014-03-31,ATL,PHI,47.63,4,0,22,ATL,ATL,ft_make,11,False,False,Millsap Free Throw 1 of 2 (28 PTS),,101-95,101,95
0021301103,2014-03-31,ATL,PHI,47.63,4,0,22,ATL,ATL,ft_miss,12,False,False,MISS Millsap Free Throw 2 of 2,,101-95,101,95
0021301103,2014-03-31,ATL,PHI,47.63,4,0,22,PHI,PHI,reb,0,False,False,,Williams REBOUND (Off:2 Def:2),101-95,101,95
0021301103,2014-03-31,ATL,PHI,47.63,4,0,22,PHI,PHI,timeout,2,False,False,,76ers Timeout: Short (Reg.5 Short 2),101-95,101,95
0021301103,2014-03-31,ATL,PHI,47.68,4,0,19,PHI,PHI,fg3_miss,1,False,False,,MISS Anderson 24' 3PT Jump Shot,101-95,101,95
0021301103,2014-03-31,ATL,PHI,47.72,4,0,17,ATL,ATL,reb,0,False,False,Millsap REBOUND (Off:5 Def:12),,101-95,101,95
0021301103,2014-03-31,ATL,PHI,47.75,4,0,15,ATL,PHI,foul,28,False,False,,Carter-Williams Personal Take Foul (P3.PN),101-95,101,95
0021301103,2014-03-31,ATL,PHI,47.75,4,0,15,ATL,ATL,ft_make,11,False,False,Korver Free Throw 1 of 2 (10 PTS),,102-95,102,95
0021301103,2014-03-31,ATL,PHI,47.75,4,0,15,ATL,ATL,ft_make,12,False,False,Korver Free Throw 2 of 2 (11 PTS),,103-95,103,95
0021301103,2014-03-31,ATL,PHI,47.75,4,0,15,PHI,PHI,timeout,2,False,False,,76ers Timeout: Short (Reg.5 Short 3),103-95,103,95
0021301103,2014-03-31,ATL,PHI,47.83,4,0,10,PHI,PHI,fg3_miss,1,False,False,,MISS Anderson  3PT Jump Shot,103-95,103,95
0021301103,2014-03-31,ATL,PHI,47.87,4,0,8,ATL,ATL,reb,0,False,False,Scott REBOUND (Off:0 Def:4),,103-95,103,95
0021301103,2014-03-31,ATL,PHI,48.0,4,0,0,ATL,,period_end,0,False,False,,,103-95,103,95
