game_id,date,home,vis,time,period,mins,secs,pos,team,event,event_deets,block,steal,home_desc,vis_desc,score,home_score,vis_score
0021100006,2011-12-26,WAS,NJN,0.0,1,12,0,,,period_start,0,False,False,,,0-0,0,0
0021100006,2011-12-26,WAS,NJN,0.0,1,12,0,,WAS,jump_ball,0,False,False,Jump Ball McGee vs. Petro: Tip to Wall,,0-0,0,0
0021100006,2011-12-26,WAS,NJN,0.4,1,11,36,WAS,WAS,fg_miss,45,False,False,MISS Lewis 18' Jump Shot,,0-0,0,0
0021100006,2011-12-26,WAS,NJN,0.47,1,11,32,NJN,NJN,reb,0,False,False,,Humphries REBOUND (Off:0 Def:1),0-0,0,0
0021100006,2011-12-26,WAS,NJN,0.63,1,11,22,NJN,NJN,tov,1,False,True,,Morrow Bad Pass Turnover (P1.T1),0-0,0,0
0021100006,2011-12-26,WAS,NJN,0.63,1,11,22,NJN,WAS,steal,1,False,True,steal,steal,0-0,0,0
0021100006,2011-12-26,WAS,NJN,0.75,1,11,15,WAS,NJN,foul,1,False,False,,Humphries P.FOUL (P1.T1),0-0,0,0
0021100006,2011-12-26,WAS,NJN,0.75,1,11,15,WAS,WAS,ft_make,11,False,False,Wall Free Throw 1 of 2 (1 PTS),,1-0,1,0
0021100006,2011-12-26,WAS,NJN,0.75,1,11,15,WAS,WAS,ft_make,12,False,False,Wall Free Throw 2 of 2 (2 PTS),,2-0,2,0
0021100006,2011-12-26,WAS,NJN,0.97,1,11,2,NJN,NJN,tov,1,False,True,,Petro Bad Pass Turnover (P1.T2),2-0,2,0
0021100006,2011-12-26,WAS,NJN,0.97,1,11,2,NJN,WAS,steal,1,False,True,steal,steal,2-0,2,0
0021100006,2011-12-26,WAS,NJN,1.0,1,11,0,WAS,WAS,fg_make,5,False,False,Crawford 4' Layup (2 PTS),,4-0,4,0
0021100006,2011-12-26,WAS,NJN,1.23,1,10,46,WAS,NJN,foul,4,False,False,,Petro OFF.Foul (P1),4-0,4,0
0021100006,2011-12-26,WAS,NJN,1.23,1,10,46,NJN,NJN,tov,5,False,False,,Petro Foul Turnover (P2.T3),4-0,4,0
0021100006,2011-12-26,WAS,NJN,1.45,1,10,33,WAS,WAS,fg_make,7,False,False,McGee 3' Dunk (2 PTS) (Blatche 1 AST),,6-0,6,0
0021100006,2011-12-26,WAS,NJN,1.53,1,10,28,NJN,NJN,timeout,2,False,False,,Nets Timeout: Short (Reg.0 Short 1),6-0,6,0
0021100006,2011-12-26,WAS,NJN,1.68,1,10,19,NJN,NJN,fg_miss,45,False,False,,MISS D. Williams 14' Jump Shot,6-0,6,0
0021100006,2011-12-26,WAS,NJN,1.73,1,10,16,WAS,WAS,reb,0,False,False,Blatche REBOUND (Off:0 Def:1),,6-0,6,0
0021100006,2011-12-26,WAS,NJN,1.95,1,10,3,WAS,WAS,fg_miss,1,False,False,MISS Blatche 20' Jump Shot,,6-0,6,0
0021100006,2011-12-26,WAS,NJN,1.95,1,10,3,NJN,NJN,reb,0,False,False,,D. Williams REBOUND (Off:0 Def:1),6-0,6,0
0021100006,2011-12-26,WAS,NJN,2.07,1,9,56,NJN,NJN,fg3_miss,1,False,False,,MISS D. Williams 27' 3PT Jump Shot,6-0,6,0
0021100006,2011-12-26,WAS,NJN,2.07,1,9,56,NJN,NJN,reb,0,False,False,,Nets Rebound,6-0,6,0
0021100006,2011-12-26,WAS,NJN,2.13,1,9,52,NJN,NJN,fg_miss,1,False,False,,MISS Morrow 15' Jump Shot,6-0,6,0
0021100006,2011-12-26,WAS,NJN,2.2,1,9,48,WAS,WAS,reb,0,False,False,Wall REBOUND (Off:0 Def:1),,6-0,6,0
0021100006,2011-12-26,WAS,NJN,2.3,1,9,42,WAS,WAS,fg_make,1,False,False,Crawford 17' Jump Shot (4 PTS) (Wall 1 AST),,8-0,8,0
0021100006,2011-12-26,WAS,NJN,2.5,1,9,30,NJN,WAS,foul,1,False,False,Wall P.FOUL (P1.T1),,8-0,8,0
0021100006,2011-12-26,WAS,NJN,2.63,1,9,22,NJN,WAS,foul,17,False,False,WIZARDS T.Foul (Def. 3 Sec Lewis ),,8-0,8,0
0021100006,2011-12-26,WAS,NJN,2.63,1,9,22,NJN,NJN,ft_make,16,False,False,,Morrow Free Throw Technical (1 PTS),8-1,8,1
0021100006,2011-12-26,WAS,NJN,2.75,1,9,15,NJN,NJN,fg_miss,1,True,False,,MISS Humphries 7' Jump Shot,8-1,8,1
0021100006,2011-12-26,WAS,NJN,2.75,1,9,15,NJN,WAS,block,1,True,False,block,block,8-1,8,1
0021100006,2011-12-26,WAS,NJN,2.77,1,9,14,WAS,WAS,reb,0,False,False,Blatche REBOUND (Off:0 Def:2),,8-1,8,1
0021100006,2011-12-26,WAS,NJN,2.98,1,9,1,WAS,WAS,fg_miss,1,False,False,MISS Blatche 16' Jump Shot,,8-1,8,1
0021100006,2011-12-26,WAS,NJN,3.02,1,8,59,NJN,NJN,reb,0,False,False,,Nets Rebound,8-1,8,1
0021100006,2011-12-26,WAS,NJN,3.23,1,8,46,NJN,NJN,fg_miss,1,False,False,,MISS Humphries 17' Jump Shot,8-1,8,1
0021100006,2011-12-26,WAS,NJN,3.25,1,8,45,NJN,NJN,reb,0,False,False,,D. Williams REBOUND (Off:1 Def:1),8-1,8,1
0021100006,2011-12-26,WAS,NJN,3.27,1,8,44,NJN,NJN,fg_make,53,False,False,,D. Williams 2' Tip Shot (2 PTS),8-3,8,3
0021100006,2011-12-26,WAS,NJN,3.48,1,8,31,WAS,WAS,fg3_miss,1,False,False,MISS Lewis 24' 3PT Jump Shot,,8-3,8,3
0021100006,2011-12-26,WAS,NJN,3.53,1,8,28,NJN,NJN,reb,0,False,False,,Humphries REBOUND (Off:0 Def:2),8-3,8,3
0021100006,2011-12-26,WAS,NJN,3.68,1,8,19,NJN,NJN,fg3_miss,1,False,False,,MISS Morrow 26' 3PT Jump Shot,8-3,8,3
0021100006,2011-12-26,WAS,NJN,3.75,1,8,15,NJN,NJN,reb,0,False,False,,Humphries REBOUND (Off:1 Def:2),8-3,8,3
0021100006,2011-12-26,WAS,NJN,3.93,1,8,4,NJN,NJN,fg3_miss,1,False,False,,MISS D. Williams 25' 3PT Jump Shot,8-3,8,3
0021100006,2011-12-26,WAS,NJN,3.98,1,8,1,WAS,WAS,reb,0,False,False,Crawford REBOUND (Off:0 Def:1),,8-3,8,3
0021100006,2011-12-26,WAS,NJN,4.13,1,7,52,WAS,WAS,fg_make,3,False,False,McGee 3' Hook Shot (4 PTS) (Crawford 1 AST),,10-3,10,3
0021100006,2011-12-26,WAS,NJN,4.33,1,7,40,NJN,NJN,fg3_miss,1,False,False,,MISS Morrow 24' 3PT Jump Shot,10-3,10,3
0021100006,2011-12-26,WAS,NJN,4.37,1,7,38,WAS,WAS,reb,0,False,False,McGee REBOUND (Off:0 Def:1),,10-3,10,3
0021100006,2011-12-26,WAS,NJN,4.45,1,7,33,WAS,WAS,fg_miss,1,True,False,MISS Lewis 8' Jump Shot,,10-3,10,3
0021100006,2011-12-26,WAS,NJN,4.45,1,7,33,WAS,NJN,block,1,True,False,block,block,10-3,10,3
0021100006,2011-12-26,WAS,NJN,4.5,1,7,30,NJN,NJN,reb,0,False,False,,James REBOUND (Off:0 Def:1),10-3,10,3
0021100006,2011-12-26,WAS,NJN,4.63,1,7,22,NJN,NJN,fg3_miss,45,False,False,,MISS D. Williams 24' 3PT Jump Shot,10-3,10,3
0021100006,2011-12-26,WAS,NJN,4.67,1,7,20,WAS,WAS,reb,0,False,False,Blatche REBOUND (Off:0 Def:3),,10-3,10,3
0021100006,2011-12-26,WAS,NJN,4.98,1,7,1,WAS,WAS,fg_miss,1,False,False,MISS Blatche 11' Jump Shot,,10-3,10,3
0021100006,2011-12-26,WAS,NJN,5.03,1,6,58,NJN,NJN,reb,0,False,False,,Petro REBOUND (Off:0 Def:1),10-3,10,3
0021100006,2011-12-26,WAS,NJN,5.12,1,6,53,NJN,NJN,fg_miss,1,False,False,,MISS James 5' Jump Shot,10-3,10,3
0021100006,2011-12-26,WAS,NJN,5.23,1,6,46,NJN,NJN,reb,0,False,False,,Humphries REBOUND (Off:2 Def:2),10-3,10,3
0021100006,2011-12-26,WAS,NJN,5.23,1,6,46,NJN,NJN,tov,1,False,False,,D. Williams Bad Pass Turnover (P1.T4),10-3,10,3
0021100006,2011-12-26,WAS,NJN,5.23,1,6,46,WAS,WAS,timeout,1,False,False,WIZARDS Timeout: Regular (Full 1 Short 0),,10-3,10,3
0021100006,2011-12-26,WAS,NJN,5.42,1,6,35,WAS,WAS,fg_make,42,False,False,Wall 2' Driving Layup (4 PTS),,12-3,12,3
0021100006,2011-12-26,WAS,NJN,5.68,1,6,19,NJN,NJN,fg_miss,1,True,False,,MISS D. Williams 4' Jump Shot,12-3,12,3
0021100006,2011-12-26,WAS,NJN,5.68,1,6,19,NJN,WAS,block,1,True,False,block,block,12-3,12,3
0021100006,2011-12-26,WAS,NJN,5.72,1,6,17,WAS,WAS,reb,0,False,False,Blatche REBOUND (Off:0 Def:4),,12-3,12,3
0021100006,2011-12-26,WAS,NJN,5.78,1,6,13,WAS,WAS,fg_make,5,False,False,Crawford 3' Layup (6 PTS),,14-3,14,3
0021100006,2011-12-26,WAS,NJN,6.17,1,5,50,NJN,NJN,fg_make,45,False,False,,James 16' Jump Shot (2 PTS),14-5,14,5
0021100006,2011-12-26,WAS,NJN,6.48,1,5,31,WAS,WAS,fg_miss,1,False,False,MISS McGee 16' Jump Shot,,14-5,14,5
0021100006,2011-12-26,WAS,NJN,6.53,1,5,28,NJN,NJN,reb,0,False,False,,James REBOUND (Off:0 Def:2),14-5,14,5
0021100006,2011-12-26,WAS,NJN,6.6,1,5,24,WAS,NJN,foul,4,False,False,,Okur OFF.Foul (P1),14-5,14,5
0021100006,2011-12-26,WAS,NJN,6.6,1,5,24,NJN,NJN,tov,37,False,False,,Okur Offensive Foul Turnover (P1.T5),14-5,14,5
0021100006,2011-12-26,WAS,NJN,6.85,1,5,9,WAS,WAS,fg_make,49,False,False,Blatche 3' Driving Dunk (2 PTS) (Turiaf 1 AST),,16-5,16,5
0021100006,2011-12-26,WAS,NJN,7.17,1,4,50,NJN,NJN,fg3_make,45,False,False,,Morrow 25' 3PT Jump Shot (4 PTS) (D. Williams 1 AST),16-8,16,8
0021100006,2011-12-26,WAS,NJN,7.5,1,4,30,WAS,WAS,fg3_miss,45,False,False,MISS Crawford 26' 3PT Jump Shot,,16-8,16,8
0021100006,2011-12-26,WAS,NJN,7.55,1,4,27,WAS,WAS,reb,0,False,False,Wall REBOUND (Off:1 Def:1),,16-8,16,8
0021100006,2011-12-26,WAS,NJN,7.72,1,4,17,WAS,WAS,tov,41,False,True,Turiaf Poss Lost Ball Turnover (P1.T1),,16-8,16,8
0021100006,2011-12-26,WAS,NJN,7.72,1,4,17,WAS,NJN,steal,41,False,True,steal,steal,16-8,16,8
0021100006,2011-12-26,WAS,NJN,7.8,1,4,12,NJN,NJN,fg3_miss,45,False,False,,MISS Morrow 24' 3PT Jump Shot,16-8,16,8
0021100006,2011-12-26,WAS,NJN,7.8,1,4,12,WAS,WAS,reb,0,False,False,Wall REBOUND (Off:1 Def:2),,16-8,16,8
0021100006,2011-12-26,WAS,NJN,8.07,1,3,56,WAS,WAS,fg_make,1,False,False,Crawford 14' Jump Shot (8 PTS) (Wall 2 AST),,18-8,18,8
0021100006,2011-12-26,WAS,NJN,8.48,1,3,31,NJN,NJN,fg_make,40,False,False,,Humphries 2' Layup (2 PTS) (Okur 1 AST),18-10,18,10
0021100006,2011-12-26,WAS,NJN,8.82,1,3,11,WAS,WAS,fg_make,48,False,False,Blatche 3' Dunk (4 PTS) (Turiaf 2 AST),,20-10,20,10
0021100006,2011-12-26,WAS,NJN,9.03,1,2,58,NJN,NJN,fg3_miss,1,False,False,,MISS Morrow 24' 3PT Jump Shot,20-10,20,10
0021100006,2011-12-26,WAS,NJN,9.07,1,2,56,WAS,WAS,reb,0,False,False,Lewis REBOUND (Off:0 Def:1),,20-10,20,10
0021100006,2011-12-26,WAS,NJN,9.2,1,2,48,WAS,WAS,fg_miss,42,False,False,MISS Wall 3' Driving Layup,,20-10,20,10
0021100006,2011-12-26,WAS,NJN,9.2,1,2,48,NJN,NJN,reb,0,False,False,,Nets Rebound,20-10,20,10
0021100006,2011-12-26,WAS,NJN,9.2,1,2,48,NJN,NJN,timeout,1,False,False,,Nets Timeout: Regular (Reg.1 Short 1),20-10,20,10
0021100006,2011-12-26,WAS,NJN,9.48,1,2,31,NJN,WAS,foul,1,False,False,Turiaf P.FOUL (P1.T2),,20-10,20,10
0021100006,2011-12-26,WAS,NJN,9.48,1,2,31,NJN,NJN,ft_miss,11,False,False,,MISS Humphries Free Throw 1 of 2,20-10,20,10
0021100006,2011-12-26,WAS,NJN,9.48,1,2,31,NJN,NJN,reb,1,False,False,,Nets Rebound,20-10,20,10
0021100006,2011-12-26,WAS,NJN,9.48,1,2,31,NJN,NJN,ft_make,12,False,False,,Humphries Free Throw 2 of 2 (3 PTS),20-11,20,11
0021100006,2011-12-26,WAS,NJN,9.78,1,2,13,WAS,WAS,fg_make,7,False,False,Turiaf 2' Dunk (2 PTS) (Blatche 2 AST),,22-11,22,11
0021100006,2011-12-26,WAS,NJN,10.02,1,1,59,NJN,NJN,fg_make,1,False,False,,Humphries 14' Jump Shot (5 PTS) (D. Williams 2 AST),22-13,22,13
0021100006,2011-12-26,WAS,NJN,10.35,1,1,39,WAS,WAS,fg_miss,1,False,False,MISS Blatche 3' Jump Shot,,22-13,22,13
0021100006,2011-12-26,WAS,NJN,10.4,1,1,36,NJN,NJN,reb,0,False,False,,Okur REBOUND (Off:0 Def:1),22-13,22,13
0021100006,2011-12-26,WAS,NJN,10.48,1,1,31,NJN,NJN,fg_miss,1,False,False,,MISS Humphries 16' Jump Shot,22-13,22,13
0021100006,2011-12-26,WAS,NJN,10.52,1,1,29,WAS,WAS,reb,0,False,False,Blatche REBOUND (Off:0 Def:5),,22-13,22,13
0021100006,2011-12-26,WAS,NJN,10.58,1,1,25,WAS,WAS,fg_make,5,False,False,Wall 3' Layup (6 PTS),,24-13,24,13
0021100006,2011-12-26,WAS,NJN,10.58,1,1,25,WAS,NJN,foul,2,False,False,,D. Williams S.FOUL (P1.T2),24-13,24,13
0021100006,2011-12-26,WAS,NJN,10.58,1,1,25,WAS,WAS,ft_miss,10,False,False,MISS Wall Free Throw 1 of 1,,24-13,24,13
0021100006,2011-12-26,WAS,NJN,10.62,1,1,23,NJN,NJN,reb,0,False,False,,Okur REBOUND (Off:0 Def:2),24-13,24,13
0021100006,2011-12-26,WAS,NJN,10.7,1,1,18,WAS,NJN,foul,4,False,False,,Farmar OFF.Foul (P1),24-13,24,13
0021100006,2011-12-26,WAS,NJN,10.7,1,1,18,NJN,NJN,tov,5,False,False,,Farmar Foul Turnover (P1.T6),24-13,24,13
0021100006,2011-12-26,WAS,NJN,10.98,1,1,1,WAS,WAS,fg_make,1,False,False,Young 17' Jump Shot (2 PTS),,26-13,26,13
0021100006,2011-12-26,WAS,NJN,11.37,1,0,38,NJN,NJN,fg3_miss,1,False,False,,MISS Sha. Williams 3PT Jump Shot,26-13,26,13
0021100006,2011-12-26,WAS,NJN,11.4,1,0,36,NJN,NJN,reb,0,False,False,,D. Williams REBOUND (Off:2 Def:1),26-13,26,13
0021100006,2011-12-26,WAS,NJN,11.53,1,0,28,NJN,NJN,fg3_miss,1,False,False,,MISS Okur 24' 3PT Jump Shot,26-13,26,13
0021100006,2011-12-26,WAS,NJN,11.57,1,0,26,NJN,NJN,reb,0,False,False,,Sha. Williams REBOUND (Off:1 Def:0),26-13,26,13
0021100006,2011-12-26,WAS,NJN,11.67,1,0,20,NJN,NJN,tov,41,False,True,,Sha. Williams Poss Lost Ball Turnover (P1.T7),26-13,26,13
0021100006,2011-12-26,WAS,NJN,11.67,1,0,20,NJN,WAS,steal,41,False,True,steal,steal,26-13,26,13
0021100006,2011-12-26,WAS,NJN,11.72,1,0,17,WAS,WAS,tov,1,False,True,Wall Bad Pass Turnover (P1.T2),,26-13,26,13
0021100006,2011-12-26,WAS,NJN,11.72,1,0,17,WAS,NJN,steal,1,False,True,steal,steal,26-13,26,13
0021100006,2011-12-26,WAS,NJN,11.92,1,0,5,NJN,WAS,foul,1,False,False,Young P.FOUL (P1.T3),,26-13,26,13
0021100006,2011-12-26,WAS,NJN,12.0,1,0,0,NJN,,period_end,0,False,False,,,26-13,26,13
0021100006,2011-12-26,WAS,NJN,12.0,2,12,0,NJN,,period_start,0,False,False,,,26-13,26,13
0021100006,2011-12-26,WAS,NJN,12.32,2,11,41,NJN,NJN,fg_miss,5,False,False,,MISS Farmar 3' Layup,26-13,26,13
0021100006,2011-12-26,WAS,NJN,12.37,2,11,38,NJN,NJN,reb,0,False,False,,Okur REBOUND (Off:1 Def:2),26-13,26,13
0021100006,2011-12-26,WAS,NJN,12.45,2,11,33,NJN,NJN,fg3_miss,1,False,False,,MISS Brooks 24' 3PT Jump Shot,26-13,26,13
0021100006,2011-12-26,WAS,NJN,12.48,2,11,31,WAS,WAS,reb,0,False,False,Turiaf REBOUND (Off:0 Def:1),,26-13,26,13
0021100006,2011-12-26,WAS,NJN,12.57,2,11,26,WAS,WAS,fg_make,1,False,False,Young 4' Jump Shot (4 PTS),,28-13,28,13
0021100006,2011-12-26,WAS,NJN,12.98,2,11,1,NJN,NJN,fg_miss,1,False,False,,MISS Shel. Williams 14' Jump Shot,28-13,28,13
0021100006,2011-12-26,WAS,NJN,13.07,2,10,56,WAS,WAS,reb,0,False,False,Blatche REBOUND (Off:0 Def:6),,28-13,28,13
0021100006,2011-12-26,WAS,NJN,13.33,2,10,40,WAS,WAS,tov,1,False,True,Blatche Bad Pass Turnover (P1.T3),,28-13,28,13
0021100006,2011-12-26,WAS,NJN,13.33,2,10,40,WAS,NJN,steal,1,False,True,steal,steal,28-13,28,13
0021100006,2011-12-26,WAS,NJN,13.5,2,10,30,NJN,NJN,fg3_miss,1,False,False,,MISS Sha. Williams 24' 3PT Jump Shot,28-13,28,13
0021100006,2011-12-26,WAS,NJN,13.55,2,10,27,WAS,WAS,reb,0,False,False,Singleton REBOUND (Off:0 Def:1),,28-13,28,13
0021100006,2011-12-26,WAS,NJN,13.82,2,10,11,WAS,WAS,fg_make,1,False,False,Blatche 21' Jump Shot (6 PTS) (Mack 1 AST),,30-13,30,13
0021100006,2011-12-26,WAS,NJN,14.1,2,9,54,NJN,NJN,tov,41,False,False,,Farmar Poss Lost Ball Turnover (P2.T8),30-13,30,13
0021100006,2011-12-26,WAS,NJN,14.32,2,9,41,WAS,WAS,fg_make,1,False,False,Young 16' Jump Shot (6 PTS),,32-13,32,13
0021100006,2011-12-26,WAS,NJN,14.32,2,9,41,WAS,NJN,foul,2,False,False,,Brooks S.FOUL (P1.T1),32-13,32,13
0021100006,2011-12-26,WAS,NJN,14.32,2,9,41,WAS,WAS,ft_make,10,False,False,Young Free Throw 1 of 1 (7 PTS),,33-13,33,13
0021100006,2011-12-26,WAS,NJN,14.65,2,9,21,NJN,NJN,fg_miss,1,False,False,,MISS James 21' Jump Shot,33-13,33,13
0021100006,2011-12-26,WAS,NJN,14.68,2,9,19,NJN,NJN,reb,0,False,False,,Brooks REBOUND (Off:1 Def:0),33-13,33,13
0021100006,2011-12-26,WAS,NJN,14.73,2,9,16,NJN,NJN,fg_miss,5,False,False,,MISS Brooks 3' Layup,33-13,33,13
0021100006,2011-12-26,WAS,NJN,14.73,2,9,16,WAS,WAS,reb,0,False,False,Turiaf REBOUND (Off:0 Def:2),,33-13,33,13
0021100006,2011-12-26,WAS,NJN,14.73,2,9,16,WAS,WAS,tov,1,False,False,Turiaf Bad Pass Turnover (P2.T4),,33-13,33,13
0021100006,2011-12-26,WAS,NJN,15.13,2,8,52,NJN,NJN,fg_make,66,False,False,,Brooks 12' Jump Bank Shot (2 PTS),33-15,33,15
0021100006,2011-12-26,WAS,NJN,15.47,2,8,32,WAS,WAS,fg_make,5,False,False,Young 2' Layup (9 PTS),,35-15,35,15
0021100006,2011-12-26,WAS,NJN,15.55,2,8,27,NJN,WAS,foul,1,False,False,Booker P.FOUL (P1.T1),,35-15,35,15
0021100006,2011-12-26,WAS,NJN,15.55,2,8,27,NJN,,timeout,4,False,False,,,35-15,35,15
0021100006,2011-12-26,WAS,NJN,15.82,2,8,11,NJN,NJN,fg_miss,1,False,False,,MISS Okur 17' Jump Shot,35-15,35,15
0021100006,2011-12-26,WAS,NJN,15.82,2,8,11,WAS,WAS,reb,0,False,False,WIZARDS Rebound,,35-15,35,15
0021100006,2011-12-26,WAS,NJN,15.82,2,8,11,WAS,NJN,foul,3,False,False,,Shel. Williams L.B.FOUL (P1.T2),35-15,35,15
0021100006,2011-12-26,WAS,NJN,16.18,2,7,49,WAS,WAS,fg_miss,1,False,False,MISS Mack 20' Jump Shot,,35-15,35,15
0021100006,2011-12-26,WAS,NJN,16.22,2,7,47,NJN,NJN,reb,0,False,False,,Shel. Williams REBOUND (Off:0 Def:1),35-15,35,15
0021100006,2011-12-26,WAS,NJN,16.45,2,7,33,NJN,NJN,fg_make,1,False,False,,Brooks 10' Jump Shot (4 PTS),35-17,35,17
0021100006,2011-12-26,WAS,NJN,16.65,2,7,21,WAS,NJN,foul,2,False,False,,Brooks S.FOUL (P2.T3),35-17,35,17
0021100006,2011-12-26,WAS,NJN,16.65,2,7,21,WAS,WAS,ft_make,13,False,False,Young Free Throw 1 of 3 (10 PTS),,36-17,36,17
0021100006,2011-12-26,WAS,NJN,16.65,2,7,21,WAS,WAS,ft_make,14,False,False,Young Free Throw 2 of 3 (11 PTS),,37-17,37,17
0021100006,2011-12-26,WAS,NJN,16.65,2,7,21,WAS,WAS,ft_make,15,False,False,Young Free Throw 3 of 3 (12 PTS),,38-17,38,17
0021100006,2011-12-26,WAS,NJN,16.9,2,7,6,NJN,NJN,fg3_make,1,False,False,,D. Williams 26' 3PT Jump Shot (5 PTS) (Gaines 1 AST),38-20,38,20
0021100006,2011-12-26,WAS,NJN,17.2,2,6,48,WAS,WAS,fg_miss,1,False,False,MISS Booker 5' Jump Shot,,38-20,38,20
0021100006,2011-12-26,WAS,NJN,17.22,2,6,47,NJN,NJN,reb,0,False,False,,James REBOUND (Off:0 Def:3),38-20,38,20
0021100006,2011-12-26,WAS,NJN,17.3,2,6,42,NJN,NJN,fg3_miss,1,False,False,,MISS Gaines 27' 3PT Jump Shot,38-20,38,20
0021100006,2011-12-26,WAS,NJN,17.35,2,6,39,WAS,WAS,reb,0,False,False,Booker REBOUND (Off:0 Def:1),,38-20,38,20
0021100006,2011-12-26,WAS,NJN,17.55,2,6,27,WAS,WAS,fg_miss,1,False,False,MISS Young 10' Jump Shot,,38-20,38,20
0021100006,2011-12-26,WAS,NJN,17.6,2,6,24,NJN,NJN,reb,0,False,False,,Gaines REBOUND (Off:0 Def:1),38-20,38,20
0021100006,2011-12-26,WAS,NJN,17.97,2,6,2,NJN,NJN,fg_miss,1,True,False,,MISS Gaines 16' Jump Shot,38-20,38,20
0021100006,2011-12-26,WAS,NJN,17.97,2,6,2,NJN,WAS,block,1,True,False,block,block,38-20,38,20
0021100006,2011-12-26,WAS,NJN,17.97,2,6,2,NJN,NJN,reb,0,False,False,,Nets Rebound,38-20,38,20
0021100006,2011-12-26,WAS,NJN,17.98,2,6,1,NJN,NJN,tov,11,False,False,,Nets Turnover: Shot Clock (T#9),38-20,38,20
0021100006,2011-12-26,WAS,NJN,18.17,2,5,50,WAS,NJN,foul,2,False,False,,Petro S.FOUL (P2.T4),38-20,38,20
0021100006,2011-12-26,WAS,NJN,18.17,2,5,50,WAS,WAS,timeout,1,False,False,WIZARDS Timeout: Regular (Full 2 Short 0),,38-20,38,20
0021100006,2011-12-26,WAS,NJN,18.17,2,5,50,WAS,WAS,ft_miss,11,False,False,MISS McGee Free Throw 1 of 2,,38-20,38,20
0021100006,2011-12-26,WAS,NJN,18.17,2,5,50,WAS,WAS,reb,1,False,False,WIZARDS Rebound,,38-20,38,20
0021100006,2011-12-26,WAS,NJN,18.17,2,5,50,WAS,WAS,ft_miss,12,False,False,MISS McGee Free Throw 2 of 2,,38-20,38,20
0021100006,2011-12-26,WAS,NJN,18.2,2,5,48,NJN,NJN,reb,0,False,False,,Petro REBOUND (Off:0 Def:2),38-20,38,20
0021100006,2011-12-26,WAS,NJN,18.57,2,5,26,NJN,NJN,fg_make,41,False,False,,D. Williams 4' Running Layup (7 PTS),38-22,38,22
0021100006,2011-12-26,WAS,NJN,18.73,2,5,16,WAS,WAS,tov,1,False,True,Wall Bad Pass Turnover (P2.T5),,38-22,38,22
0021100006,2011-12-26,WAS,NJN,18.73,2,5,16,WAS,NJN,steal,1,False,True,steal,steal,38-22,38,22
0021100006,2011-12-26,WAS,NJN,18.75,2,5,15,NJN,NJN,fg_make,44,False,False,,Gaines 1' Reverse Layup (2 PTS),38-24,38,24
0021100006,2011-12-26,WAS,NJN,18.75,2,5,15,NJN,WAS,foul,2,False,False,Wall S.FOUL (P2.T2),,38-24,38,24
0021100006,2011-12-26,WAS,NJN,18.75,2,5,15,NJN,NJN,ft_miss,10,False,False,,MISS Gaines Free Throw 1 of 1,38-24,38,24
0021100006,2011-12-26,WAS,NJN,18.8,2,5,12,NJN,NJN,reb,0,False,False,,Humphries REBOUND (Off:3 Def:2),38-24,38,24
0021100006,2011-12-26,WAS,NJN,18.9,2,5,6,NJN,NJN,fg_make,1,False,False,,Petro 19' Jump Shot (2 PTS) (Humphries 1 AST),38-26,38,26
0021100006,2011-12-26,WAS,NJN,19.13,2,4,52,NJN,WAS,foul,4,False,False,Crawford OFF.Foul (P1),,38-26,38,26
0021100006,2011-12-26,WAS,NJN,19.13,2,4,52,WAS,WAS,tov,5,False,False,Crawford Foul Turnover (P1.T6),,38-26,38,26
0021100006,2011-12-26,WAS,NJN,19.5,2,4,30,NJN,NJN,fg_miss,45,False,False,,MISS Gaines 22' Jump Shot,38-26,38,26
0021100006,2011-12-26,WAS,NJN,19.57,2,4,26,WAS,WAS,reb,0,False,False,Crawford REBOUND (Off:0 Def:2),,38-26,38,26
0021100006,2011-12-26,WAS,NJN,19.63,2,4,22,WAS,WAS,fg_miss,1,False,False,MISS Singleton 15' Jump Shot,,38-26,38,26
0021100006,2011-12-26,WAS,NJN,19.65,2,4,21,NJN,NJN,reb,0,False,False,,Humphries REBOUND (Off:3 Def:3),38-26,38,26
0021100006,2011-12-26,WAS,NJN,19.8,2,4,12,NJN,NJN,fg_make,1,False,False,,Gaines 4' Jump Shot (4 PTS) (Humphries 2 AST),38-28,38,28
0021100006,2011-12-26,WAS,NJN,19.8,2,4,12,WAS,WAS,timeout,2,False,False,WIZARDS Timeout: Short (Full 2 Short 1),,38-28,38,28
0021100006,2011-12-26,WAS,NJN,20.07,2,3,56,WAS,WAS,fg_make,1,False,False,Blatche 11' Jump Shot (8 PTS),,40-28,40,28
0021100006,2011-12-26,WAS,NJN,20.4,2,3,36,NJN,NJN,fg_miss,5,False,False,,MISS Petro 3' Layup,40-28,40,28
0021100006,2011-12-26,WAS,NJN,20.48,2,3,31,NJN,NJN,reb,0,False,False,,Humphries REBOUND (Off:4 Def:3),40-28,40,28
0021100006,2011-12-26,WAS,NJN,20.6,2,3,24,NJN,NJN,fg_make,5,False,False,,Humphries 2' Layup (7 PTS),40-30,40,30
0021100006,2011-12-26,WAS,NJN,20.7,2,3,18,WAS,WAS,fg_miss,1,False,False,MISS Wall 5' Jump Shot,,40-30,40,30
0021100006,2011-12-26,WAS,NJN,20.73,2,3,16,NJN,NJN,reb,0,False,False,,Petro REBOUND (Off:0 Def:3),40-30,40,30
0021100006,2011-12-26,WAS,NJN,20.88,2,3,7,NJN,NJN,fg_make,1,False,False,,Petro 15' Jump Shot (4 PTS) (Gaines 2 AST),40-32,40,32
0021100006,2011-12-26,WAS,NJN,20.95,2,3,3,NJN,WAS,foul,11,False,False,Blatche T.FOUL (P0.T2),,40-32,40,32
0021100006,2011-12-26,WAS,NJN,20.95,2,3,3,NJN,NJN,ft_make,16,False,False,,D. Williams Free Throw Technical (8 PTS),40-33,40,33
0021100006,2011-12-26,WAS,NJN,21.18,2,2,49,WAS,WAS,fg_make,1,False,False,Crawford 21' Jump Shot (10 PTS),,42-33,42,33
0021100006,2011-12-26,WAS,NJN,21.4,2,2,36,NJN,WAS,foul,1,False,False,Crawford P.FOUL (P2.T3),,42-33,42,33
0021100006,2011-12-26,WAS,NJN,21.4,2,2,36,NJN,NJN,timeout,1,False,False,,Nets Timeout: Regular (Reg.2 Short 1),42-33,42,33
0021100006,2011-12-26,WAS,NJN,21.63,2,2,22,NJN,NJN,fg_make,55,False,False,,Petro 9' Hook Shot (6 PTS) (Gaines 3 AST),42-35,42,35
0021100006,2011-12-26,WAS,NJN,22.02,2,1,59,WAS,WAS,fg_miss,1,False,False,MISS Lewis 13' Jump Shot,,42-35,42,35
0021100006,2011-12-26,WAS,NJN,22.03,2,1,58,NJN,NJN,reb,0,False,False,,Humphries REBOUND (Off:4 Def:4),42-35,42,35
0021100006,2011-12-26,WAS,NJN,22.35,2,1,39,NJN,NJN,fg3_miss,1,False,False,,MISS Gaines 24' 3PT Jump Shot,42-35,42,35
0021100006,2011-12-26,WAS,NJN,22.37,2,1,38,WAS,WAS,reb,0,False,False,WIZARDS Rebound,,42-35,42,35
0021100006,2011-12-26,WAS,NJN,22.37,2,1,38,WAS,NJN,foul,3,False,False,,Petro L.B.FOUL (P3.PN),42-35,42,35
0021100006,2011-12-26,WAS,NJN,22.37,2,1,38,WAS,WAS,ft_make,11,False,False,McGee Free Throw 1 of 2 (5 PTS),,43-35,43,35
0021100006,2011-12-26,WAS,NJN,22.37,2,1,38,WAS,WAS,ft_miss,12,False,False,MISS McGee Free Throw 2 of 2,,43-35,43,35
0021100006,2011-12-26,WAS,NJN,22.4,2,1,36,NJN,NJN,reb,0,False,False,,James REBOUND (Off:0 Def:4),43-35,43,35
0021100006,2011-12-26,WAS,NJN,22.75,2,1,15,NJN,NJN,fg_miss,1,False,False,,MISS D. Williams 16' Jump Shot,43-35,43,35
0021100006,2011-12-26,WAS,NJN,22.77,2,1,14,WAS,WAS,reb,0,False,False,Blatche REBOUND (Off:0 Def:7),,43-35,43,35
0021100006,2011-12-26,WAS,NJN,23.02,2,0,59,WAS,WAS,fg_miss,1,False,False,MISS Blatche 12' Jump Shot,,43-35,43,35
0021100006,2011-12-26,WAS,NJN,23.03,2,0,58,NJN,NJN,reb,0,False,False,,Nets Rebound,43-35,43,35
0021100006,2011-12-26,WAS,NJN,23.27,2,0,44,NJN,WAS,foul,2,False,False,McGee S.FOUL (P1.T4),,43-35,43,35
0021100006,2011-12-26,WAS,NJN,23.27,2,0,44,NJN,NJN,ft_make,11,False,False,,James Free Throw 1 of 2 (3 PTS),43-36,43,36
0021100006,2011-12-26,WAS,NJN,23.27,2,0,44,NJN,NJN,ft_make,12,False,False,,James Free Throw 2 of 2 (4 PTS),43-37,43,37
0021100006,2011-12-26,WAS,NJN,23.52,2,0,29,WAS,WAS,fg_miss,1,False,False,MISS Blatche 16' Jump Shot,,43-37,43,37
0021100006,2011-12-26,WAS,NJN,23.55,2,0,27,WAS,WAS,reb,0,False,False,McGee REBOUND (Off:1 Def:1),,43-37,43,37
0021100006,2011-12-26,WAS,NJN,23.55,2,0,27,WAS,WAS,fg_make,72,False,False,McGee 3' Putback Layup (7 PTS),,45-37,45,37
0021100006,2011-12-26,WAS,NJN,23.55,2,0,27,WAS,NJN,foul,2,False,False,,Morrow S.FOUL (P1.PN),45-37,45,37
0021100006,2011-12-26,WAS,NJN,23.55,2,0,27,WAS,WAS,ft_miss,10,False,False,MISS McGee Free Throw 1 of 1,,45-37,45,37
0021100006,2011-12-26,WAS,NJN,23.6,2,0,24,WAS,WAS,reb,0,False,False,McGee REBOUND (Off:2 Def:1),,45-37,45,37
0021100006,2011-12-26,WAS,NJN,23.67,2,0,20,WAS,WAS,fg_miss,5,False,False,MISS McGee 3' Layup,,45-37,45,37
0021100006,2011-12-26,WAS,NJN,23.68,2,0,19,NJN,NJN,reb,0,False,False,,James REBOUND (Off:0 Def:5),45-37,45,37
0021100006,2011-12-26,WAS,NJN,24.0,2,0,0,NJN,NJN,fg3_miss,1,False,False,,MISS Morrow 24' 3PT Jump Shot,45-37,45,37
0021100006,2011-12-26,WAS,NJN,24.0,2,0,0,WAS,WAS,reb,0,False,False,McGee REBOUND (Off:2 Def:2),,45-37,45,37
0021100006,2011-12-26,WAS,NJN,24.0,2,0,0,WAS,,period_end,0,False,False,,,45-37,45,37
0021100006,2011-12-26,WAS,NJN,24.0,3,12,0,WAS,,period_start,0,False,False,,,45-37,45,37
0021100006,2011-12-26,WAS,NJN,24.37,3,11,38,NJN,WAS,foul,2,False,False,McGee S.FOUL (P2.T1),,45-37,45,37
0021100006,2011-12-26,WAS,NJN,24.37,3,11,38,NJN,NJN,ft_make,13,False,False,,Morrow Free Throw 1 of 3 (5 PTS),45-38,45,38
0021100006,2011-12-26,WAS,NJN,24.37,3,11,38,NJN,NJN,ft_make,14,False,False,,Morrow Free Throw 2 of 3 (6 PTS),45-39,45,39
0021100006,2011-12-26,WAS,NJN,24.37,3,11,38,NJN,NJN,ft_make,15,False,False,,Morrow Free Throw 3 of 3 (7 PTS),45-40,45,40
0021100006,2011-12-26,WAS,NJN,24.58,3,11,25,WAS,NJN,foul,1,False,False,,Humphries P.FOUL (P2.T1),45-40,45,40
0021100006,2011-12-26,WAS,NJN,24.77,3,11,14,WAS,WAS,fg_make,47,False,False,Lewis 14' Turnaround Jump Shot (2 PTS) (Wall 3 AST),,47-40,47,40
0021100006,2011-12-26,WAS,NJN,25.1,3,10,54,NJN,NJN,fg_make,1,False,False,,D. Williams 10' Jump Shot (10 PTS),47-42,47,42
0021100006,2011-12-26,WAS,NJN,25.35,3,10,39,WAS,WAS,fg_make,7,False,False,McGee 4' Dunk (9 PTS) (Wall 4 AST),,49-42,49,42
0021100006,2011-12-26,WAS,NJN,25.65,3,10,21,NJN,NJN,fg_make,1,False,False,,D. Williams 14' Jump Shot (12 PTS),49-44,49,44
0021100006,2011-12-26,WAS,NJN,25.87,3,10,8,WAS,WAS,fg_miss,1,False,False,MISS Crawford 19' Jump Shot,,49-44,49,44
0021100006,2011-12-26,WAS,NJN,25.9,3,10,6,WAS,WAS,reb,0,False,False,Lewis REBOUND (Off:1 Def:1),,49-44,49,44
0021100006,2011-12-26,WAS,NJN,25.97,3,10,2,WAS,WAS,fg_make,5,False,False,Lewis 5' Layup (4 PTS),,51-44,51,44
0021100006,2011-12-26,WAS,NJN,26.08,3,9,55,NJN,NJN,fg_miss,1,False,False,,MISS James 5' Jump Shot,51-44,51,44
0021100006,2011-12-26,WAS,NJN,26.12,3,9,53,NJN,NJN,reb,0,False,False,,Humphries REBOUND (Off:5 Def:4),51-44,51,44
0021100006,2011-12-26,WAS,NJN,26.2,3,9,48,NJN,NJN,fg_make,5,False,False,,Humphries 1' Layup (9 PTS),51-46,51,46
0021100006,2011-12-26,WAS,NJN,26.45,3,9,33,WAS,WAS,fg_miss,1,False,False,MISS Crawford 17' Jump Shot,,51-46,51,46
0021100006,2011-12-26,WAS,NJN,26.47,3,9,32,NJN,NJN,reb,0,False,False,,D. Williams REBOUND (Off:2 Def:2),51-46,51,46
0021100006,2011-12-26,WAS,NJN,26.63,3,9,22,NJN,NJN,fg_make,1,False,False,,Petro 15' Jump Shot (8 PTS) (D. Williams 3 AST),51-48,51,48
0021100006,2011-12-26,WAS,NJN,26.93,3,9,4,WAS,WAS,fg_make,81,False,False,Blatche 7' Pullup Bank Shot (10 PTS),,53-48,53,48
0021100006,2011-12-26,WAS,NJN,27.2,3,8,48,NJN,NJN,fg_miss,1,False,False,,MISS Petro 16' Jump Shot,53-48,53,48
0021100006,2011-12-26,WAS,NJN,27.22,3,8,47,WAS,WAS,reb,0,False,False,Wall REBOUND (Off:1 Def:3),,53-48,53,48
0021100006,2011-12-26,WAS,NJN,27.27,3,8,44,WAS,WAS,fg_miss,1,False,False,MISS Wall 14' Jump Shot,,53-48,53,48
0021100006,2011-12-26,WAS,NJN,27.3,3,8,42,NJN,NJN,reb,0,False,False,,Humphries REBOUND (Off:5 Def:5),53-48,53,48
0021100006,2011-12-26,WAS,NJN,27.47,3,8,32,NJN,NJN,fg3_make,1,False,False,,D. Williams 27' 3PT Jump Shot (15 PTS),53-51,53,51
0021100006,2011-12-26,WAS,NJN,27.75,3,8,15,WAS,WAS,tov,4,False,False,McGee Traveling Turnover (P1.T7),,53-51,53,51
0021100006,2011-12-26,WAS,NJN,27.75,3,8,15,WAS,WAS,timeout,1,False,False,WIZARDS Timeout: Regular (Full 3 Short 1),,53-51,53,51
0021100006,2011-12-26,WAS,NJN,28.02,3,7,59,NJN,NJN,fg_make,1,False,False,,Humphries 18' Jump Shot (11 PTS) (D. Williams 4 AST),53-53,53,53
0021100006,2011-12-26,WAS,NJN,28.28,3,7,43,WAS,WAS,fg_miss,1,False,False,MISS Lewis 5' Jump Shot,,53-53,53,53
0021100006,2011-12-26,WAS,NJN,28.33,3,7,40,WAS,WAS,reb,0,False,False,Crawford REBOUND (Off:1 Def:2),,53-53,53,53
0021100006,2011-12-26,WAS,NJN,28.4,3,7,36,WAS,WAS,fg_make,5,False,False,Crawford 2' Layup (12 PTS),,55-53,55,53
0021100006,2011-12-26,WAS,NJN,28.53,3,7,28,NJN,NJN,tov,1,False,True,,D. Williams Bad Pass Turnover (P2.T10),55-53,55,53
0021100006,2011-12-26,WAS,NJN,28.53,3,7,28,NJN,WAS,steal,1,False,True,steal,steal,55-53,55,53
0021100006,2011-12-26,WAS,NJN,28.57,3,7,26,WAS,NJN,foul,2,False,False,,D. Williams S.FOUL (P2.T2),55-53,55,53
0021100006,2011-12-26,WAS,NJN,28.57,3,7,26,WAS,WAS,ft_miss,11,False,False,MISS Wall Free Throw 1 of 2,,55-53,55,53
0021100006,2011-12-26,WAS,NJN,28.57,3,7,26,WAS,WAS,reb,1,False,False,WIZARDS Rebound,,55-53,55,53
0021100006,2011-12-26,WAS,NJN,28.57,3,7,26,WAS,WAS,ft_miss,12,False,False,MISS Wall Free Throw 2 of 2,,55-53,55,53
0021100006,2011-12-26,WAS,NJN,28.62,3,7,23,WAS,WAS,reb,0,False,False,Wall REBOUND (Off:2 Def:3),,55-53,55,53
0021100006,2011-12-26,WAS,NJN,28.85,3,7,9,WAS,WAS,fg_miss,1,False,False,MISS McGee 7' Jump Shot,,55-53,55,53
0021100006,2011-12-26,WAS,NJN,28.87,3,7,8,WAS,WAS,reb,0,False,False,McGee REBOUND (Off:3 Def:2),,55-53,55,53
0021100006,2011-12-26,WAS,NJN,28.93,3,7,4,WAS,WAS,fg_miss,1,False,False,MISS McGee 5' Jump Shot,,55-53,55,53
0021100006,2011-12-26,WAS,NJN,28.97,3,7,2,NJN,NJN,reb,0,False,False,,Morrow REBOUND (Off:0 Def:1),55-53,55,53
0021100006,2011-12-26,WAS,NJN,29.07,3,6,56,NJN,NJN,fg_miss,1,False,False,,MISS D. Williams 5' Jump Shot,55-53,55,53
0021100006,2011-12-26,WAS,NJN,29.1,3,6,54,NJN,NJN,reb,0,False,False,,Humphries REBOUND (Off:6 Def:5),55-53,55,53
0021100006,2011-12-26,WAS,NJN,29.15,3,6,51,NJN,NJN,fg_make,7,False,False,,Humphries 2' Dunk (13 PTS),55-55,55,55
0021100006,2011-12-26,WAS,NJN,29.3,3,6,42,WAS,WAS,fg_make,42,False,False,McGee 3' Driving Layup (11 PTS) (Blatche 3 AST),,57-55,57,55
0021100006,2011-12-26,WAS,NJN,29.3,3,6,42,WAS,NJN,foul,2,False,False,,Petro S.FOUL (P4.T3),57-55,57,55
0021100006,2011-12-26,WAS,NJN,29.3,3,6,42,WAS,WAS,ft_miss,10,False,False,MISS McGee Free Throw 1 of 1,,57-55,57,55
0021100006,2011-12-26,WAS,NJN,29.47,3,6,32,NJN,NJN,reb,0,False,False,,Humphries REBOUND (Off:6 Def:6),57-55,57,55
0021100006,2011-12-26,WAS,NJN,29.58,3,6,25,NJN,NJN,fg_miss,1,False,False,,MISS Morrow 4' Jump Shot,57-55,57,55
0021100006,2011-12-26,WAS,NJN,29.62,3,6,23,WAS,WAS,reb,0,False,False,Blatche REBOUND (Off:0 Def:8),,57-55,57,55
0021100006,2011-12-26,WAS,NJN,29.77,3,6,14,WAS,WAS,fg3_miss,1,False,False,MISS Crawford 26' 3PT Jump Shot,,57-55,57,55
0021100006,2011-12-26,WAS,NJN,29.82,3,6,11,NJN,NJN,reb,0,False,False,,James REBOUND (Off:0 Def:6),57-55,57,55
0021100006,2011-12-26,WAS,NJN,30.12,3,5,53,NJN,NJN,fg3_make,1,False,False,,D. Williams 27' 3PT Jump Shot (18 PTS),57-58,57,58
0021100006,2011-12-26,WAS,NJN,30.42,3,5,35,WAS,WAS,tov,1,False,True,Blatche Bad Pass Turnover (P2.T8),,57-58,57,58
0021100006,2011-12-26,WAS,NJN,30.42,3,5,35,WAS,NJN,steal,1,False,True,steal,steal,57-58,57,58
0021100006,2011-12-26,WAS,NJN,30.52,3,5,29,NJN,NJN,fg3_miss,1,False,False,,MISS D. Williams 24' 3PT Jump Shot,57-58,57,58
0021100006,2011-12-26,WAS,NJN,30.53,3,5,28,WAS,WAS,reb,0,False,False,McGee REBOUND (Off:3 Def:3),,57-58,57,58
0021100006,2011-12-26,WAS,NJN,30.7,3,5,18,WAS,NJN,foul,1,False,False,,Okur P.FOUL (P2.T4),57-58,57,58
0021100006,2011-12-26,WAS,NJN,30.73,3,5,16,WAS,NJN,foul,1,False,False,,James P.FOUL (P1.PN),57-58,57,58
0021100006,2011-12-26,WAS,NJN,30.73,3,5,16,WAS,WAS,ft_make,11,False,False,Lewis Free Throw 1 of 2 (5 PTS),,58-58,58,58
0021100006,2011-12-26,WAS,NJN,30.73,3,5,16,WAS,WAS,ft_make,12,False,False,Lewis Free Throw 2 of 2 (6 PTS),,59-58,59,58
0021100006,2011-12-26,WAS,NJN,31.1,3,4,54,NJN,NJN,fg_make,8,False,False,,Humphries 4' Slam Dunk (15 PTS) (Okur 2 AST),59-60,59,60
0021100006,2011-12-26,WAS,NJN,31.37,3,4,38,WAS,NJN,foul,17,False,False,,Nets T.Foul (Def. 3 Sec Humphries ),59-60,59,60
0021100006,2011-12-26,WAS,NJN,31.37,3,4,38,WAS,WAS,ft_make,16,False,False,Crawford Free Throw Technical (13 PTS),,60-60,60,60
0021100006,2011-12-26,WAS,NJN,31.42,3,4,35,NJN,WAS,foul,4,False,False,Turiaf OFF.Foul (P2),,60-60,60,60
0021100006,2011-12-26,WAS,NJN,31.42,3,4,35,WAS,WAS,tov,5,False,False,Turiaf Foul Turnover (P3.T9),,60-60,60,60
0021100006,2011-12-26,WAS,NJN,31.65,3,4,21,NJN,NJN,fg3_miss,1,False,False,,MISS D. Williams 25' 3PT Jump Shot,60-60,60,60
0021100006,2011-12-26,WAS,NJN,31.67,3,4,20,WAS,WAS,reb,0,False,False,Wall REBOUND (Off:2 Def:4),,60-60,60,60
0021100006,2011-12-26,WAS,NJN,31.7,3,4,18,WAS,NJN,foul,2,False,False,,James S.FOUL (P2.PN),60-60,60,60
0021100006,2011-12-26,WAS,NJN,31.7,3,4,18,WAS,WAS,ft_make,11,False,False,Wall Free Throw 1 of 2 (7 PTS),,61-60,61,60
0021100006,2011-12-26,WAS,NJN,31.7,3,4,18,WAS,WAS,ft_make,12,False,False,Wall Free Throw 2 of 2 (8 PTS),,62-60,62,60
0021100006,2011-12-26,WAS,NJN,32.07,3,3,56,NJN,NJN,fg_miss,1,False,False,,MISS Gaines 3' Jump Shot,62-60,62,60
0021100006,2011-12-26,WAS,NJN,32.1,3,3,54,WAS,WAS,reb,0,False,False,Young REBOUND (Off:0 Def:1),,62-60,62,60
0021100006,2011-12-26,WAS,NJN,32.15,3,3,51,WAS,WAS,tov,2,False,True,Wall Lost Ball Turnover (P3.T10),,62-60,62,60
0021100006,2011-12-26,WAS,NJN,32.15,3,3,51,WAS,NJN,steal,2,False,True,steal,steal,62-60,62,60
0021100006,2011-12-26,WAS,NJN,32.25,3,3,45,NJN,NJN,fg_make,1,False,False,,Humphries 4' Jump Shot (17 PTS) (D. Williams 5 AST),62-62,62,62
0021100006,2011-12-26,WAS,NJN,32.25,3,3,45,WAS,WAS,timeout,2,False,False,WIZARDS Timeout: Short (Full 3 Short 2),,62-62,62,62
0021100006,2011-12-26,WAS,NJN,32.65,3,3,21,WAS,WAS,fg_miss,1,False,False,MISS Wall 4' Jump Shot,,62-62,62,62
0021100006,2011-12-26,WAS,NJN,32.68,3,3,19,NJN,NJN,reb,0,False,False,,Okur REBOUND (Off:1 Def:3),62-62,62,62
0021100006,2011-12-26,WAS,NJN,32.97,3,3,2,NJN,NJN,fg3_miss,1,False,False,,MISS D. Williams 24' 3PT Jump Shot,62-62,62,62
0021100006,2011-12-26,WAS,NJN,33.0,3,3,0,WAS,WAS,reb,0,False,False,Blatche REBOUND (Off:0 Def:9),,62-62,62,62
0021100006,2011-12-26,WAS,NJN,33.23,3,2,46,WAS,WAS,fg3_miss,1,False,False,MISS Lewis 25' 3PT Jump Shot,,62-62,62,62
0021100006,2011-12-26,WAS,NJN,33.25,3,2,45,NJN,NJN,reb,0,False,False,,D. Williams REBOUND (Off:2 Def:3),62-62,62,62
0021100006,2011-12-26,WAS,NJN,33.28,3,2,43,NJN,NJN,timeout,1,False,False,,Nets Timeout: Regular (Reg.3 Short 1),62-62,62,62
0021100006,2011-12-26,WAS,NJN,33.6,3,2,24,NJN,NJN,fg_make,1,False,False,,Gaines 18' Jump Shot (6 PTS),62-64,62,64
0021100006,2011-12-26,WAS,NJN,33.93,3,2,4,WAS,NJN,foul,2,False,False,,James S.FOUL (P3.PN),62-64,62,64
0021100006,2011-12-26,WAS,NJN,33.93,3,2,4,WAS,WAS,ft_make,11,False,False,Lewis Free Throw 1 of 2 (7 PTS),,63-64,63,64
0021100006,2011-12-26,WAS,NJN,33.93,3,2,4,WAS,WAS,ft_miss,12,False,False,MISS Lewis Free Throw 2 of 2,,63-64,63,64
0021100006,2011-12-26,WAS,NJN,34.02,3,1,59,NJN,NJN,reb,0,False,False,,Okur REBOUND (Off:1 Def:4),63-64,63,64
0021100006,2011-12-26,WAS,NJN,34.18,3,1,49,NJN,WAS,foul,1,False,False,Turiaf P.FOUL (P3.T2),,63-64,63,64
0021100006,2011-12-26,WAS,NJN,34.37,3,1,38,NJN,NJN,fg_miss,1,True,False,,MISS Humphries 5' Jump Shot,63-64,63,64
0021100006,2011-12-26,WAS,NJN,34.37,3,1,38,NJN,WAS,block,1,True,False,block,block,63-64,63,64
0021100006,2011-12-26,WAS,NJN,34.45,3,1,33,NJN,NJN,reb,0,False,False,,Brooks REBOUND (Off:2 Def:0),63-64,63,64
0021100006,2011-12-26,WAS,NJN,34.57,3,1,26,NJN,NJN,fg_make,1,False,False,,Brooks 17' Jump Shot (6 PTS),63-66,63,66
0021100006,2011-12-26,WAS,NJN,34.67,3,1,20,WAS,NJN,foul,2,False,False,,Brooks S.FOUL (P3.PN),63-66,63,66
0021100006,2011-12-26,WAS,NJN,34.67,3,1,20,WAS,WAS,ft_make,11,False,False,Lewis Free Throw 1 of 2 (8 PTS),,64-66,64,66
0021100006,2011-12-26,WAS,NJN,34.67,3,1,20,WAS,WAS,ft_make,12,False,False,Lewis Free Throw 2 of 2 (9 PTS),,65-66,65,66
0021100006,2011-12-26,WAS,NJN,34.95,3,1,3,NJN,NJN,fg_miss,1,False,False,,MISS Brooks 5' Jump Shot,65-66,65,66
0021100006,2011-12-26,WAS,NJN,34.97,3,1,2,WAS,WAS,reb,0,False,False,Turiaf REBOUND (Off:0 Def:3),,65-66,65,66
0021100006,2011-12-26,WAS,NJN,35.08,3,0,55,WAS,WAS,fg_miss,1,False,False,MISS Crawford 20' Jump Shot,,65-66,65,66
0021100006,2011-12-26,WAS,NJN,35.12,3,0,53,NJN,NJN,reb,0,False,False,,Gaines REBOUND (Off:0 Def:2),65-66,65,66
0021100006,2011-12-26,WAS,NJN,35.17,3,0,50,WAS,NJN,foul,4,False,False,,Gaines OFF.Foul (P1),65-66,65,66
0021100006,2011-12-26,WAS,NJN,35.17,3,0,50,NJN,NJN,tov,5,False,False,,Gaines Foul Turnover (P1.T11),65-66,65,66
0021100006,2011-12-26,WAS,NJN,35.33,3,0,40,WAS,WAS,fg_make,42,False,False,Wall 3' Driving Layup (10 PTS),,67-66,67,66
0021100006,2011-12-26,WAS,NJN,35.68,3,0,19,NJN,NJN,fg_miss,1,False,False,,MISS Okur 18' Jump Shot,67-66,67,66
0021100006,2011-12-26,WAS,NJN,35.7,3,0,18,NJN,NJN,reb,0,False,False,,Sha. Williams REBOUND (Off:2 Def:0),67-66,67,66
0021100006,2011-12-26,WAS,NJN,35.7,3,0,18,WAS,NJN,foul,4,False,False,,Sha. Williams OFF.Foul (P1),67-66,67,66
0021100006,2011-12-26,WAS,NJN,35.7,3,0,18,NJN,NJN,tov,5,False,False,,Sha. Williams Foul Turnover (P2.T12),67-66,67,66
0021100006,2011-12-26,WAS,NJN,35.98,3,0,1,WAS,WAS,fg_miss,1,False,False,MISS Wall 4' Jump Shot,,67-66,67,66
0021100006,2011-12-26,WAS,NJN,36.0,3,0,0,WAS,WAS,reb,0,False,False,Wall REBOUND (Off:3 Def:4),,67-66,67,66
0021100006,2011-12-26,WAS,NJN,36.0,3,0,0,WAS,WAS,fg_miss,45,False,False,MISS Wall 16' Jump Shot,,67-66,67,66
0021100006,2011-12-26,WAS,NJN,36.0,3,0,0,NJN,NJN,reb,0,False,False,,Nets Rebound,67-66,67,66
0021100006,2011-12-26,WAS,NJN,36.0,3,0,0,NJN,,period_end,0,False,False,,,67-66,67,66
0021100006,2011-12-26,WAS,NJN,36.0,4,12,0,NJN,,period_start,0,False,False,,,67-66,67,66
0021100006,2011-12-26,WAS,NJN,36.32,4,11,41,WAS,NJN,foul,1,False,False,,Shel. Williams P.FOUL (P2.T1),67-66,67,66
0021100006,2011-12-26,WAS,NJN,36.32,4,11,41,WAS,WAS,ft_make,11,False,False,Booker Free Throw 1 of 2 (1 PTS),,68-66,68,66
0021100006,2011-12-26,WAS,NJN,36.32,4,11,41,WAS,WAS,ft_make,12,False,False,Booker Free Throw 2 of 2 (2 PTS),,69-66,69,66
0021100006,2011-12-26,WAS,NJN,36.53,4,11,28,NJN,NJN,fg_miss,1,False,False,,MISS Brooks 9' Jump Shot,69-66,69,66
0021100006,2011-12-26,WAS,NJN,36.55,4,11,27,WAS,WAS,reb,0,False,False,Turiaf REBOUND (Off:0 Def:4),,69-66,69,66
0021100006,2011-12-26,WAS,NJN,36.77,4,11,14,WAS,WAS,fg3_make,1,False,False,Singleton 3PT Jump Shot (3 PTS) (Mason Jr. 1 AST),,72-66,72,66
0021100006,2011-12-26,WAS,NJN,37.18,4,10,49,NJN,NJN,fg3_miss,1,False,False,,MISS Sha. Williams 26' 3PT Jump Shot,72-66,72,66
0021100006,2011-12-26,WAS,NJN,37.2,4,10,48,WAS,WAS,reb,0,False,False,Wall REBOUND (Off:3 Def:5),,72-66,72,66
0021100006,2011-12-26,WAS,NJN,37.3,4,10,42,WAS,WAS,fg_make,1,False,False,Mason Jr. 23' Jump Shot (2 PTS) (Wall 5 AST),,74-66,74,66
0021100006,2011-12-26,WAS,NJN,37.32,4,10,41,NJN,NJN,timeout,1,False,False,,Nets Timeout: Regular (Reg.4 Short 1),74-66,74,66
0021100006,2011-12-26,WAS,NJN,37.72,4,10,17,NJN,NJN,fg_make,1,False,False,,Humphries 18' Jump Shot (19 PTS) (Gaines 4 AST),74-68,74,68
0021100006,2011-12-26,WAS,NJN,37.97,4,10,2,WAS,WAS,fg_miss,1,False,False,MISS Wall 21' Jump Shot,,74-68,74,68
0021100006,2011-12-26,WAS,NJN,38.0,4,10,0,NJN,NJN,reb,0,False,False,,Gaines REBOUND (Off:0 Def:3),74-68,74,68
0021100006,2011-12-26,WAS,NJN,38.17,4,9,50,NJN,NJN,tov,2,False,True,,James Lost Ball Turnover (P1.T13),74-68,74,68
0021100006,2011-12-26,WAS,NJN,38.17,4,9,50,NJN,WAS,steal,2,False,True,steal,steal,74-68,74,68
0021100006,2011-12-26,WAS,NJN,38.55,4,9,27,WAS,WAS,fg_miss,1,False,False,MISS Wall 5' Jump Shot,,74-68,74,68
0021100006,2011-12-26,WAS,NJN,38.55,4,9,27,WAS,WAS,reb,0,False,False,WIZARDS Rebound,,74-68,74,68
0021100006,2011-12-26,WAS,NJN,38.55,4,9,27,WAS,WAS,tov,11,False,False,WIZARDS Turnover: Shot Clock (T#11),,74-68,74,68
0021100006,2011-12-26,WAS,NJN,38.75,4,9,15,NJN,WAS,foul,1,False,False,Turiaf P.FOUL (P4.T1),,74-68,74,68
0021100006,2011-12-26,WAS,NJN,38.87,4,9,8,NJN,NJN,fg_miss,1,False,False,,MISS D. Williams 18' Jump Shot,74-68,74,68
0021100006,2011-12-26,WAS,NJN,38.92,4,9,5,WAS,WAS,reb,0,False,False,Blatche REBOUND (Off:0 Def:10),,74-68,74,68
0021100006,2011-12-26,WAS,NJN,39.12,4,8,53,WAS,WAS,fg_miss,1,False,False,MISS McGee 4' Jump Shot,,74-68,74,68
0021100006,2011-12-26,WAS,NJN,39.17,4,8,50,NJN,NJN,reb,0,False,False,,Petro REBOUND (Off:0 Def:4),74-68,74,68
0021100006,2011-12-26,WAS,NJN,39.45,4,8,33,NJN,NJN,fg_miss,1,False,False,,MISS James 7' Jump Shot,74-68,74,68
0021100006,2011-12-26,WAS,NJN,39.48,4,8,31,NJN,NJN,reb,0,False,False,,James REBOUND (Off:1 Def:6),74-68,74,68
0021100006,2011-12-26,WAS,NJN,39.57,4,8,26,NJN,NJN,fg_miss,1,True,False,,MISS James 4' Jump Shot,74-68,74,68
0021100006,2011-12-26,WAS,NJN,39.57,4,8,26,NJN,WAS,block,1,True,False,block,block,74-68,74,68
0021100006,2011-12-26,WAS,NJN,39.58,4,8,25,NJN,NJN,reb,0,False,False,,James REBOUND (Off:2 Def:6),74-68,74,68
0021100006,2011-12-26,WAS,NJN,39.62,4,8,23,NJN,WAS,foul,2,False,False,McGee S.FOUL (P3.T2),,74-68,74,68
0021100006,2011-12-26,WAS,NJN,39.62,4,8,23,NJN,NJN,ft_make,11,False,False,,Humphries Free Throw 1 of 2 (20 PTS),74-69,74,69
0021100006,2011-12-26,WAS,NJN,39.62,4,8,23,NJN,NJN,ft_make,12,False,False,,Humphries Free Throw 2 of 2 (21 PTS),74-70,74,70
0021100006,2011-12-26,WAS,NJN,39.97,4,8,2,WAS,WAS,fg3_miss,1,False,False,MISS Mack 26' 3PT Jump Shot,,74-70,74,70
0021100006,2011-12-26,WAS,NJN,39.98,4,8,1,NJN,NJN,reb,0,False,False,,D. Williams REBOUND (Off:2 Def:4),74-70,74,70
0021100006,2011-12-26,WAS,NJN,40.13,4,7,52,NJN,NJN,fg_make,1,False,False,,Morrow 19' Jump Shot (9 PTS) (D. Williams 6 AST),74-72,74,72
0021100006,2011-12-26,WAS,NJN,40.45,4,7,33,WAS,WAS,fg3_miss,1,False,False,MISS Singleton 28' 3PT Jump Shot,,74-72,74,72
0021100006,2011-12-26,WAS,NJN,40.47,4,7,32,NJN,NJN,reb,0,False,False,,D. Williams REBOUND (Off:2 Def:5),74-72,74,72
0021100006,2011-12-26,WAS,NJN,40.65,4,7,21,NJN,WAS,foul,2,False,False,Blatche S.FOUL (P1.T3),,74-72,74,72
0021100006,2011-12-26,WAS,NJN,40.65,4,7,21,NJN,NJN,ft_miss,11,False,False,,MISS Petro Free Throw 1 of 2,74-72,74,72
0021100006,2011-12-26,WAS,NJN,40.65,4,7,21,NJN,NJN,reb,1,False,False,,Nets Rebound,74-72,74,72
0021100006,2011-12-26,WAS,NJN,40.65,4,7,21,WAS,WAS,timeout,1,False,False,WIZARDS Timeout: Regular (Full 4 Short 2),,74-72,74,72
0021100006,2011-12-26,WAS,NJN,40.65,4,7,21,WAS,NJN,ft_make,12,False,False,,Petro Free Throw 2 of 2 (9 PTS),74-73,74,73
0021100006,2011-12-26,WAS,NJN,41.03,4,6,58,WAS,WAS,fg_miss,1,False,False,MISS McGee 6' Jump Shot,,74-73,74,73
0021100006,2011-12-26,WAS,NJN,41.08,4,6,55,NJN,NJN,reb,0,False,False,,Humphries REBOUND (Off:6 Def:7),74-73,74,73
0021100006,2011-12-26,WAS,NJN,41.38,4,6,37,NJN,NJN,fg_miss,1,True,False,,MISS D. Williams 12' Jump Shot,74-73,74,73
0021100006,2011-12-26,WAS,NJN,41.38,4,6,37,NJN,WAS,block,1,True,False,block,block,74-73,74,73
0021100006,2011-12-26,WAS,NJN,41.43,4,6,34,NJN,NJN,reb,0,False,False,,D. Williams REBOUND (Off:3 Def:5),74-73,74,73
0021100006,2011-12-26,WAS,NJN,41.52,4,6,29,NJN,NJN,fg_miss,1,False,False,,MISS Morrow 6' Jump Shot,74-73,74,73
0021100006,2011-12-26,WAS,NJN,41.55,4,6,27,WAS,WAS,reb,0,False,False,Young REBOUND (Off:0 Def:2),,74-73,74,73
0021100006,2011-12-26,WAS,NJN,41.82,4,6,11,WAS,WAS,fg_miss,1,True,False,MISS Young 16' Jump Shot,,74-73,74,73
0021100006,2011-12-26,WAS,NJN,41.82,4,6,11,WAS,NJN,block,1,True,False,block,block,74-73,74,73
0021100006,2011-12-26,WAS,NJN,41.87,4,6,8,NJN,NJN,reb,0,False,False,,Humphries REBOUND (Off:6 Def:8),74-73,74,73
0021100006,2011-12-26,WAS,NJN,41.9,4,6,6,NJN,NJN,tov,1,False,True,,Humphries Bad Pass Turnover (P1.T14),74-73,74,73
0021100006,2011-12-26,WAS,NJN,41.9,4,6,6,NJN,WAS,steal,1,False,True,steal,steal,74-73,74,73
0021100006,2011-12-26,WAS,NJN,41.98,4,6,1,WAS,WAS,fg_miss,1,False,False,MISS Blatche 4' Jump Shot,,74-73,74,73
0021100006,2011-12-26,WAS,NJN,42.0,4,6,0,NJN,NJN,reb,0,False,False,,Petro REBOUND (Off:0 Def:5),74-73,74,73
0021100006,2011-12-26,WAS,NJN,42.1,4,5,54,NJN,NJN,fg3_miss,1,False,False,,MISS D. Williams 29' 3PT Jump Shot,74-73,74,73
0021100006,2011-12-26,WAS,NJN,42.12,4,5,53,WAS,WAS,reb,0,False,False,Singleton REBOUND (Off:0 Def:2),,74-73,74,73
0021100006,2011-12-26,WAS,NJN,42.33,4,5,40,WAS,WAS,fg_miss,1,True,False,MISS Wall 6' Jump Shot,,74-73,74,73
0021100006,2011-12-26,WAS,NJN,42.33,4,5,40,WAS,NJN,block,1,True,False,block,block,74-73,74,73
0021100006,2011-12-26,WAS,NJN,42.37,4,5,38,NJN,NJN,reb,0,False,False,,James REBOUND (Off:2 Def:7),74-73,74,73
0021100006,2011-12-26,WAS,NJN,42.57,4,5,26,NJN,NJN,fg3_miss,1,False,False,,MISS D. Williams 25' 3PT Jump Shot,74-73,74,73
0021100006,2011-12-26,WAS,NJN,42.6,4,5,24,NJN,NJN,reb,0,False,False,,James REBOUND (Off:3 Def:7),74-73,74,73
0021100006,2011-12-26,WAS,NJN,42.65,4,5,21,NJN,NJN,fg_make,5,False,False,,James 3' Layup (6 PTS),74-75,74,75
0021100006,2011-12-26,WAS,NJN,42.93,4,5,4,WAS,WAS,fg_make,1,False,False,Young 16' Jump Shot (14 PTS),,76-75,76,75
0021100006,2011-12-26,WAS,NJN,43.2,4,4,48,NJN,NJN,fg_make,1,False,False,,Morrow 15' Jump Shot (11 PTS) (D. Williams 7 AST),76-77,76,77
0021100006,2011-12-26,WAS,NJN,43.62,4,4,23,WAS,WAS,fg_miss,1,False,False,MISS Blatche 16' Jump Shot,,76-77,76,77
0021100006,2011-12-26,WAS,NJN,43.67,4,4,20,NJN,NJN,reb,0,False,False,,James REBOUND (Off:3 Def:8),76-77,76,77
0021100006,2011-12-26,WAS,NJN,43.78,4,4,13,NJN,NJN,timeout,2,False,False,,Nets Timeout: Short (Reg.4 Short 2),76-77,76,77
0021100006,2011-12-26,WAS,NJN,43.98,4,4,1,NJN,NJN,fg3_make,1,False,False,,D. Williams 28' 3PT Jump Shot (21 PTS),76-80,76,80
0021100006,2011-12-26,WAS,NJN,44.45,4,3,33,WAS,WAS,fg_make,1,False,False,Young 18' Jump Shot (16 PTS),,78-80,78,80
0021100006,2011-12-26,WAS,NJN,44.78,4,3,13,NJN,NJN,fg_make,1,False,False,,Petro 16' Jump Shot (11 PTS) (D. Williams 8 AST),78-82,78,82
0021100006,2011-12-26,WAS,NJN,45.13,4,2,52,WAS,NJN,foul,2,False,False,,Petro S.FOUL (P5.T2),78-82,78,82
0021100006,2011-12-26,WAS,NJN,45.13,4,2,52,WAS,,timeout,4,False,False,,,78-82,78,82
0021100006,2011-12-26,WAS,NJN,45.13,4,2,52,WAS,WAS,ft_miss,11,False,False,MISS Wall Free Throw 1 of 2,,78-82,78,82
0021100006,2011-12-26,WAS,NJN,45.13,4,2,52,WAS,WAS,reb,1,False,False,WIZARDS Rebound,,78-82,78,82
0021100006,2011-12-26,WAS,NJN,45.13,4,2,52,WAS,WAS,ft_miss,12,False,False,MISS Wall Free Throw 2 of 2,,78-82,78,82
0021100006,2011-12-26,WAS,NJN,45.15,4,2,51,NJN,NJN,reb,0,False,False,,James REBOUND (Off:3 Def:9),78-82,78,82
0021100006,2011-12-26,WAS,NJN,45.53,4,2,28,NJN,NJN,tov,2,False,True,,D. Williams Lost Ball Turnover (P3.T15),78-82,78,82
0021100006,2011-12-26,WAS,NJN,45.53,4,2,28,NJN,WAS,steal,2,False,True,steal,steal,78-82,78,82
0021100006,2011-12-26,WAS,NJN,45.8,4,2,12,WAS,WAS,fg_miss,1,False,False,MISS Young 19' Jump Shot,,78-82,78,82
0021100006,2011-12-26,WAS,NJN,45.85,4,2,9,NJN,NJN,reb,0,False,False,,Humphries REBOUND (Off:6 Def:9),78-82,78,82
0021100006,2011-12-26,WAS,NJN,45.95,4,2,3,NJN,WAS,foul,2,False,False,Singleton S.FOUL (P1.T4),,78-82,78,82
0021100006,2011-12-26,WAS,NJN,45.95,4,2,3,NJN,NJN,ft_make,11,False,False,,D. Williams Free Throw 1 of 2 (22 PTS),78-83,78,83
0021100006,2011-12-26,WAS,NJN,45.95,4,2,3,NJN,NJN,ft_make,12,False,False,,D. Williams Free Throw 2 of 2 (23 PTS),78-84,78,84
0021100006,2011-12-26,WAS,NJN,46.05,4,1,57,WAS,NJN,foul,2,False,False,,D. Williams S.FOUL (P3.T3),78-84,78,84
0021100006,2011-12-26,WAS,NJN,46.05,4,1,57,WAS,WAS,ft_make,11,False,False,Wall Free Throw 1 of 2 (11 PTS),,79-84,79,84
0021100006,2011-12-26,WAS,NJN,46.05,4,1,57,WAS,WAS,ft_miss,12,False,False,MISS Wall Free Throw 2 of 2,,79-84,79,84
0021100006,2011-12-26,WAS,NJN,46.08,4,1,55,NJN,NJN,reb,0,False,False,,James REBOUND (Off:3 Def:10),79-84,79,84
0021100006,2011-12-26,WAS,NJN,46.38,4,1,37,NJN,NJN,fg3_make,1,False,False,,Morrow 24' 3PT Jump Shot (14 PTS) (D. Williams 9 AST),79-87,79,87
0021100006,2011-12-26,WAS,NJN,46.38,4,1,37,WAS,WAS,timeout,1,False,False,WIZARDS Timeout: Regular (Full 5 Short 2),,79-87,79,87
0021100006,2011-12-26,WAS,NJN,46.48,4,1,31,WAS,WAS,fg_make,1,False,False,Crawford 18' Jump Shot (15 PTS),,81-87,81,87
0021100006,2011-12-26,WAS,NJN,46.85,4,1,9,NJN,NJN,fg_miss,1,True,False,,MISS Humphries 4' Jump Shot,81-87,81,87
0021100006,2011-12-26,WAS,NJN,46.85,4,1,9,NJN,WAS,block,1,True,False,block,block,81-87,81,87
0021100006,2011-12-26,WAS,NJN,46.85,4,1,9,WAS,WAS,reb,0,False,False,WIZARDS Rebound,,81-87,81,87
0021100006,2011-12-26,WAS,NJN,46.85,4,1,9,WAS,NJN,foul,3,False,False,,Humphries L.B.FOUL (P3.PN),81-87,81,87
0021100006,2011-12-26,WAS,NJN,46.85,4,1,9,WAS,WAS,ft_make,11,False,False,Blatche Free Throw 1 of 2 (11 PTS),,82-87,82,87
0021100006,2011-12-26,WAS,NJN,46.85,4,1,9,WAS,WAS,ft_miss,12,False,False,MISS Blatche Free Throw 2 of 2,,82-87,82,87
0021100006,2011-12-26,WAS,NJN,46.88,4,1,7,NJN,NJN,reb,0,False,False,,James REBOUND (Off:3 Def:11),82-87,82,87
0021100006,2011-12-26,WAS,NJN,47.2,4,0,48,NJN,NJN,tov,2,False,True,,D. Williams Lost Ball Turnover (P4.T16),82-87,82,87
0021100006,2011-12-26,WAS,NJN,47.2,4,0,48,NJN,WAS,steal,2,False,True,steal,steal,82-87,82,87
0021100006,2011-12-26,WAS,NJN,47.23,4,0,46,WAS,NJN,foul,1,False,False,,James P.FOUL (P4.PN),82-87,82,87
0021100006,2011-12-26,WAS,NJN,47.23,4,0,46,WAS,WAS,ft_make,11,False,False,Wall Free Throw 1 of 2 (12 PTS),,83-87,83,87
0021100006,2011-12-26,WAS,NJN,47.23,4,0,46,WAS,WAS,ft_make,12,False,False,Wall Free Throw 2 of 2 (13 PTS),,84-87,84,87
0021100006,2011-12-26,WAS,NJN,47.23,4,0,46,NJN,NJN,timeout,2,False,False,,Nets Timeout: Short (Reg.4 Short 3),84-87,84,87
0021100006,2011-12-26,WAS,NJN,47.55,4,0,27,NJN,NJN,fg_miss,1,False,False,,MISS Petro 20' Jump Shot,84-87,84,87
0021100006,2011-12-26,WAS,NJN,47.58,4,0,25,WAS,WAS,reb,0,False,False,Turiaf REBOUND (Off:0 Def:5),,84-87,84,87
0021100006,2011-12-26,WAS,NJN,47.72,4,0,17,WAS,WAS,tov,1,False,True,Wall Bad Pass Turnover (P4.T12),,84-87,84,87
0021100006,2011-12-26,WAS,NJN,47.72,4,0,17,WAS,NJN,steal,1,False,True,steal,steal,84-87,84,87
0021100006,2011-12-26,WAS,NJN,47.8,4,0,12,NJN,WAS,foul,1,False,False,Blatche P.FOUL (P2.PN),,84-87,84,87
0021100006,2011-12-26,WAS,NJN,47.8,4,0,12,NJN,NJN,ft_make,11,False,False,,Morrow Free Throw 1 of 2 (15 PTS),84-88,84,88
0021100006,2011-12-26,WAS,NJN,47.8,4,0,12,NJN,NJN,ft_make,12,False,False,,Morrow Free Throw 2 of 2 (16 PTS),84-89,84,89
0021100006,2011-12-26,WAS,NJN,47.8,4,0,12,WAS,WAS,timeout,2,False,False,WIZARDS Timeout: Short (Full 5 Short 3),,84-89,84,89
0021100006,2011-12-26,WAS,NJN,47.88,4,0,7,WAS,WAS,fg_miss,1,False,False,MISS Wall 20' Jump Shot,,84-89,84,89
0021100006,2011-12-26,WAS,NJN,47.92,4,0,5,NJN,NJN,reb,0,False,False,,Gaines REBOUND (Off:0 Def:4),84-89,84,89
0021100006,2011-12-26,WAS,NJN,47.93,4,0,4,NJN,WAS,foul,1,False,False,Young P.FOUL (P2.PN),,84-89,84,89
0021100006,2011-12-26,WAS,NJN,47.93,4,0,4,NJN,NJN,ft_make,11,False,False,,Gaines Free Throw 1 of 2 (7 PTS),84-90,84,90
0021100006,2011-12-26,WAS,NJN,47.93,4,0,4,NJN,NJN,ft_miss,12,False,False,,MISS Gaines Free Throw 2 of 2,84-90,84,90
0021100006,2011-12-26,WAS,NJN,47.97,4,0,2,NJN,NJN,reb,0,False,False,,Humphries REBOUND (Off:7 Def:9),84-90,84,90
0021100006,2011-12-26,WAS,NJN,48.0,4,0,0,NJN,,period_end,0,False,False,,,84-90,84,90
